DefaultDeserializer::operator >>:  read version=6
TrackingBlock::deserialize()
	(HOPDATA , 0 , dtn://v001)
	(GEODATA , 0 , (41.9519 , -73.3584))
	(GEODATA , 0 , (41.9519 , -73.3584))
	(GEODATA , 0 , (41.9519 , -73.3584))
	(GEODATA , 0 , (41.9436 , -73.3717))
	(GEODATA , 0 , (41.9457 , -73.3712))
	(GEODATA , 0 , (41.9476 , -73.3696))
	(GEODATA , 0 , (41.9493 , -73.3671))
	(GEODATA , 0 , (41.9507 , -73.3636))
	(GEODATA , 0 , (41.9517 , -73.3596))
	(GEODATA , 0 , (41.9522 , -73.3549))
	(GEODATA , 0 , (41.9522 , -73.3501))
	(GEODATA , 0 , (41.9517 , -73.3455))
	(GEODATA , 0 , (41.9508 , -73.3411))
	(GEODATA , 0 , (41.9494 , -73.3374))
	(GEODATA , 0 , (41.9476 , -73.3345))
	(GEODATA , 0 , (41.9457 , -73.3326))
	(GEODATA , 0 , (41.9436 , -73.3318))
	(GEODATA , 0 , (41.9415 , -73.3321))
	(GEODATA , 0 , (41.9395 , -73.3334))
	(GEODATA , 0 , (41.9377 , -73.3358))
	(GEODATA , 0 , (41.9362 , -73.339))
	(GEODATA , 0 , (41.9351 , -73.3429))
	(GEODATA , 0 , (41.9344 , -73.3473))
	(GEODATA , 0 , (41.9343 , -73.3518))
	(GEODATA , 0 , (41.9346 , -73.3564))
	(GEODATA , 0 , (41.9354 , -73.3608))
	(GEODATA , 0 , (41.9366 , -73.3646))
	(GEODATA , 0 , (41.9383 , -73.3678))
	(GEODATA , 0 , (41.9402 , -73.3701))
	(GEODATA , 0 , (41.9423 , -73.3715))
	(GEODATA , 0 , (41.9444 , -73.3716))
	(GEODATA , 0 , (41.9464 , -73.3708))
	(GEODATA , 0 , (41.9483 , -73.3688))
	(GEODATA , 0 , (41.95 , -73.3658))
	(GEODATA , 0 , (41.9511 , -73.3621))
	(GEODATA , 0 , (41.9519 , -73.3577))
	(GEODATA , 0 , (41.9523 , -73.3529))
	(GEODATA , 0 , (41.9521 , -73.3483))
	(GEODATA , 0 , (41.9514 , -73.3436))
	(GEODATA , 0 , (41.9502 , -73.3395))
	(GEODATA , 0 , (41.9487 , -73.3361))
	(GEODATA , 0 , (41.9468 , -73.3336))
	(GEODATA , 0 , (41.9448 , -73.3322))
	(GEODATA , 0 , (41.9427 , -73.3318))
	(GEODATA , 0 , (41.9407 , -73.3325))
	(GEODATA , 0 , (41.9387 , -73.3343))
	(GEODATA , 0 , (41.937 , -73.3371))
	(GEODATA , 0 , (41.9357 , -73.3405))
	(GEODATA , 0 , (41.9347 , -73.3447))
	(GEODATA , 0 , (41.9343 , -73.3492))
	(GEODATA , 0 , (41.9343 , -73.3537))
	(GEODATA , 0 , (41.9349 , -73.3583))
	(GEODATA , 0 , (41.9359 , -73.3624))
	(GEODATA , 0 , (41.9373 , -73.366))
	(GEODATA , 0 , (41.939 , -73.3689))
	(GEODATA , 0 , (41.941 , -73.3708))
	(GEODATA , 0 , (41.9431 , -73.3716))
	(GEODATA , 0 , (41.9452 , -73.3714))
	(GEODATA , 0 , (41.9472 , -73.3701))
	(GEODATA , 0 , (41.949 , -73.3677))
	(GEODATA , 0 , (41.9505 , -73.3644))
	(GEODATA , 0 , (41.9515 , -73.3603))
	(GEODATA , 0 , (41.9521 , -73.3559))
	(GEODATA , 0 , (41.9522 , -73.3511))
	(GEODATA , 0 , (41.9519 , -73.3464))
	(GEODATA , 0 , (41.951 , -73.342))
	(GEODATA , 0 , (41.9497 , -73.3381))
	(GEODATA , 0 , (41.948 , -73.335))
	(GEODATA , 0 , (41.9461 , -73.3329))
	(GEODATA , 0 , (41.944 , -73.3319))
	(GEODATA , 0 , (41.9419 , -73.332))
	(GEODATA , 0 , (41.9399 , -73.3331))
	(GEODATA , 0 , (41.938 , -73.3353))
	(GEODATA , 0 , (41.9364 , -73.3384))
	(GEODATA , 0 , (41.9353 , -73.342))
	(GEODATA , 0 , (41.9345 , -73.3464))
	(GEODATA , 0 , (41.9342 , -73.3508))
	(GEODATA , 0 , (41.9345 , -73.3555))
	(GEODATA , 0 , (41.9352 , -73.36))
	(GEODATA , 0 , (41.9364 , -73.3638))
	(GEODATA , 0 , (41.9379 , -73.3672))
	(GEODATA , 0 , (41.9398 , -73.3698))
	(GEODATA , 0 , (41.9418 , -73.3712))
	(GEODATA , 0 , (41.9439 , -73.3717))
	(GEODATA , 0 , (41.946 , -73.371))
	(GEODATA , 0 , (41.9479 , -73.3693))
	(GEODATA , 0 , (41.9496 , -73.3665))
	(GEODATA , 0 , (41.9509 , -73.3629))
	(GEODATA , 0 , (41.9518 , -73.3586))
	(GEODATA , 0 , (41.9522 , -73.3541))
	(GEODATA , 0 , (41.9521 , -73.3492))
	(GEODATA , 0 , (41.9516 , -73.3445))
	(GEODATA , 0 , (41.9505 , -73.3404))
	(GEODATA , 0 , (41.9491 , -73.3368))
	(GEODATA , 0 , (41.9473 , -73.3341))
	(GEODATA , 0 , (41.9453 , -73.3324))
	(GEODATA , 0 , (41.9432 , -73.3318))
	(GEODATA , 0 , (41.9411 , -73.3323))
	(GEODATA , 0 , (41.9391 , -73.3338))
	(GEODATA , 0 , (41.9374 , -73.3364))
	(GEODATA , 0 , (41.936 , -73.3396))
	(GEODATA , 0 , (41.9349 , -73.3437))
	(GEODATA , 0 , (41.9343 , -73.3481))
	(GEODATA , 0 , (41.9343 , -73.3526))
	(GEODATA , 0 , (41.9347 , -73.3572))
	(GEODATA , 0 , (41.9356 , -73.3615))
	(GEODATA , 0 , (41.937 , -73.3653))
	(GEODATA , 0 , (41.9386 , -73.3683))
	(GEODATA , 0 , (41.9406 , -73.3705))
	(GEODATA , 0 , (41.9427 , -73.3716))
	(GEODATA , 0 , (41.9447 , -73.3716))
	(GEODATA , 0 , (41.9468 , -73.3705))
	(GEODATA , 0 , (41.9487 , -73.3683))
	(GEODATA , 0 , (41.9502 , -73.3653))
	(GEODATA , 0 , (41.9513 , -73.3613))
	(GEODATA , 0 , (41.952 , -73.3568))
	(GEODATA , 0 , (41.9523 , -73.3522))
	(GEODATA , 0 , (41.952 , -73.3474))
	(GEODATA , 0 , (41.9512 , -73.3428))
	(GEODATA , 0 , (41.95 , -73.3388))
	(GEODATA , 0 , (41.9484 , -73.3356))
	(GEODATA , 0 , (41.9465 , -73.3333))
	(GEODATA , 0 , (41.9445 , -73.332))
	(GEODATA , 0 , (41.9424 , -73.3318))
	(GEODATA , 0 , (41.9403 , -73.3328))
	(GEODATA , 0 , (41.9384 , -73.3347))
	(GEODATA , 0 , (41.9368 , -73.3376))
	(GEODATA , 0 , (41.9355 , -73.3412))
	(GEODATA , 0 , (41.9346 , -73.3455))
	(GEODATA , 0 , (41.9343 , -73.3499))
	(GEODATA , 0 , (41.9344 , -73.3546))
	(GEODATA , 0 , (41.935 , -73.3591))
	(GEODATA , 0 , (41.9361 , -73.3631))
	(GEODATA , 0 , (41.9376 , -73.3666))
	(GEODATA , 0 , (41.9394 , -73.3693))
	(GEODATA , 0 , (41.9414 , -73.371))
	(GEODATA , 0 , (41.9435 , -73.3717))
	(GEODATA , 0 , (41.9456 , -73.3712))
	(GEODATA , 0 , (41.9475 , -73.3698))
	(GEODATA , 0 , (41.9493 , -73.3672))
	(GEODATA , 0 , (41.9507 , -73.3637))
	(GEODATA , 0 , (41.9517 , -73.3595))
	(GEODATA , 0 , (41.9522 , -73.355))
	(GEODATA , 0 , (41.9522 , -73.3502))
	(GEODATA , 0 , (41.9517 , -73.3455))
	(GEODATA , 0 , (41.9507 , -73.3411))
	(GEODATA , 0 , (41.9494 , -73.3375))
	(GEODATA , 0 , (41.9477 , -73.3345))
	(GEODATA , 0 , (41.9457 , -73.3326))
	(GEODATA , 0 , (41.9436 , -73.3318))
	(GEODATA , 0 , (41.9415 , -73.3321))
	(GEODATA , 0 , (41.9395 , -73.3335))
	(GEODATA , 0 , (41.9377 , -73.3358))
	(GEODATA , 0 , (41.9362 , -73.339))
	(GEODATA , 0 , (41.9351 , -73.3428))
	(GEODATA , 0 , (41.9344 , -73.3472))
	(GEODATA , 0 , (41.9343 , -73.3518))
	(GEODATA , 0 , (41.9346 , -73.3563))
	(GEODATA , 0 , (41.9346 , -73.3565))
	(GEODATA , 0 , (41.9346 , -73.3565))
	(GEODATA , 0 , (41.9346 , -73.3565))
	(GEODATA , 0 , (41.9346 , -73.3565))
	(GEODATA , 0 , (41.9346 , -73.3565))
	(GEODATA , 0 , (41.9346 , -73.3565))
	(GEODATA , 0 , (41.9346 , -73.3565))
	(GEODATA , 0 , (41.9346 , -73.3565))
	(GEODATA , 0 , (41.9346 , -73.3565))
	(GEODATA , 0 , (41.9436 , -73.3717))
	(GEODATA , 0 , (41.9457 , -73.3712))
	(GEODATA , 0 , (41.9476 , -73.3696))
	(GEODATA , 0 , (41.9493 , -73.3671))
	(GEODATA , 0 , (41.9507 , -73.3636))
	(GEODATA , 0 , (41.9517 , -73.3594))
	(GEODATA , 0 , (41.9522 , -73.3549))
	(GEODATA , 0 , (41.9522 , -73.3501))
	(GEODATA , 0 , (41.9517 , -73.3455))
	(GEODATA , 0 , (41.9508 , -73.3411))
	(GEODATA , 0 , (41.9494 , -73.3374))
	(GEODATA , 0 , (41.9476 , -73.3345))
	(GEODATA , 0 , (41.9457 , -73.3326))
	(GEODATA , 0 , (41.9436 , -73.3318))
	(GEODATA , 0 , (41.9415 , -73.3321))
	(GEODATA , 0 , (41.9395 , -73.3334))
	(GEODATA , 0 , (41.9377 , -73.3358))
	(GEODATA , 0 , (41.9361 , -73.3391))
	(GEODATA , 0 , (41.9351 , -73.3429))
	(GEODATA , 0 , (41.9344 , -73.3473))
	(GEODATA , 0 , (41.9343 , -73.3519))
	(GEODATA , 0 , (41.9346 , -73.3564))
	(GEODATA , 0 , (41.9354 , -73.3608))
	(GEODATA , 0 , (41.9367 , -73.3647))
	(GEODATA , 0 , (41.9383 , -73.3678))
	(GEODATA , 0 , (41.9402 , -73.3701))
	(GEODATA , 0 , (41.9423 , -73.3715))
	(GEODATA , 0 , (41.9444 , -73.3716))
	(GEODATA , 0 , (41.9464 , -73.3708))
	(GEODATA , 0 , (41.9483 , -73.3688))
	(GEODATA , 0 , (41.95 , -73.3658))
	(GEODATA , 0 , (41.9511 , -73.3621))
	(GEODATA , 0 , (41.9519 , -73.3577))
	(GEODATA , 0 , (41.9523 , -73.3529))
	(GEODATA , 0 , (41.9521 , -73.3483))
	(GEODATA , 0 , (41.9514 , -73.3436))
	(GEODATA , 0 , (41.9502 , -73.3395))
	(GEODATA , 0 , (41.9487 , -73.3361))
	(GEODATA , 0 , (41.9469 , -73.3336))
	(GEODATA , 0 , (41.9448 , -73.3322))
	(GEODATA , 0 , (41.9427 , -73.3318))
	(GEODATA , 0 , (41.9407 , -73.3325))
	(GEODATA , 0 , (41.9387 , -73.3343))
	(GEODATA , 0 , (41.937 , -73.3371))
	(GEODATA , 0 , (41.9357 , -73.3405))
	(GEODATA , 0 , (41.9347 , -73.3447))
	(GEODATA , 0 , (41.9343 , -73.3492))
	(GEODATA , 0 , (41.9343 , -73.3537))
	(GEODATA , 0 , (41.9349 , -73.3583))
	(GEODATA , 0 , (41.9359 , -73.3625))
	(GEODATA , 0 , (41.9373 , -73.366))
	(GEODATA , 0 , (41.939 , -73.3689))
	(GEODATA , 0 , (41.941 , -73.3708))
	(GEODATA , 0 , (41.9432 , -73.3716))
	(GEODATA , 0 , (41.9452 , -73.3714))
	(GEODATA , 0 , (41.9473 , -73.3701))
	(GEODATA , 0 , (41.9491 , -73.3676))
	(GEODATA , 0 , (41.9505 , -73.3644))
	(GEODATA , 0 , (41.9515 , -73.3603))
	(GEODATA , 0 , (41.9521 , -73.3557))
	(HOPDATA , 0 , dtn://v002)
	(GEODATA , 0 , (41.9527 , -73.3465))
	(GEODATA , 0 , (41.9527 , -73.3465))
	(GEODATA , 0 , (41.9527 , -73.3465))
	(GEODATA , 0 , (41.9609 , -73.3325))
	(GEODATA , 0 , (41.9589 , -73.3332))
	(GEODATA , 0 , (41.9569 , -73.3349))
	(GEODATA , 0 , (41.9552 , -73.3376))
	(GEODATA , 0 , (41.9538 , -73.3412))
	(GEODATA , 0 , (41.9528 , -73.3453))
	(GEODATA , 0 , (41.9523 , -73.35))
	(GEODATA , 0 , (41.9523 , -73.3548))
	(GEODATA , 0 , (41.9528 , -73.3594))
	(GEODATA , 0 , (41.9538 , -73.3638))
	(GEODATA , 0 , (41.9551 , -73.3677))
	(GEODATA , 0 , (41.9569 , -73.3708))
	(GEODATA , 0 , (41.9588 , -73.3728))
	(GEODATA , 0 , (41.9609 , -73.3738))
	(GEODATA , 0 , (41.9631 , -73.3737))
	(GEODATA , 0 , (41.965 , -73.3725))
	(GEODATA , 0 , (41.9669 , -73.3701))
	(GEODATA , 0 , (41.9684 , -73.3667))
	(GEODATA , 0 , (41.9694 , -73.3627))
	(GEODATA , 0 , (41.9701 , -73.358))
	(GEODATA , 0 , (41.9702 , -73.353))
	(GEODATA , 0 , (41.9699 , -73.3482))
	(GEODATA , 0 , (41.9691 , -73.3435))
	(GEODATA , 0 , (41.9678 , -73.3394))
	(GEODATA , 0 , (41.9662 , -73.3361))
	(GEODATA , 0 , (41.9643 , -73.3339))
	(GEODATA , 0 , (41.9622 , -73.3327))
	(GEODATA , 0 , (41.9601 , -73.3326))
	(GEODATA , 0 , (41.9581 , -73.3337))
	(GEODATA , 0 , (41.9562 , -73.3359))
	(GEODATA , 0 , (41.9546 , -73.339))
	(GEODATA , 0 , (41.9534 , -73.3428))
	(GEODATA , 0 , (41.9526 , -73.3472))
	(GEODATA , 0 , (41.9523 , -73.352))
	(GEODATA , 0 , (41.9525 , -73.3568))
	(GEODATA , 0 , (41.9531 , -73.3613))
	(GEODATA , 0 , (41.9543 , -73.3655))
	(GEODATA , 0 , (41.9558 , -73.3691))
	(GEODATA , 0 , (41.9577 , -73.3718))
	(GEODATA , 0 , (41.9597 , -73.3734))
	(GEODATA , 0 , (41.9618 , -73.3739))
	(GEODATA , 0 , (41.9639 , -73.3733))
	(GEODATA , 0 , (41.9658 , -73.3716))
	(GEODATA , 0 , (41.9675 , -73.3688))
	(GEODATA , 0 , (41.9689 , -73.3651))
	(GEODATA , 0 , (41.9698 , -73.3608))
	(GEODATA , 0 , (41.9702 , -73.356))
	(GEODATA , 0 , (41.9702 , -73.3509))
	(GEODATA , 0 , (41.9696 , -73.3462))
	(GEODATA , 0 , (41.9686 , -73.3417))
	(GEODATA , 0 , (41.9672 , -73.3379))
	(GEODATA , 0 , (41.9655 , -73.3351))
	(GEODATA , 0 , (41.9635 , -73.3333))
	(GEODATA , 0 , (41.9614 , -73.3325))
	(GEODATA , 0 , (41.9593 , -73.3329))
	(GEODATA , 0 , (41.9573 , -73.3345))
	(GEODATA , 0 , (41.9555 , -73.337))
	(GEODATA , 0 , (41.954 , -73.3404))
	(GEODATA , 0 , (41.953 , -73.3445))
	(GEODATA , 0 , (41.9524 , -73.349))
	(GEODATA , 0 , (41.9523 , -73.3538))
	(GEODATA , 0 , (41.9527 , -73.3585))
	(GEODATA , 0 , (41.9535 , -73.363))
	(GEODATA , 0 , (41.9548 , -73.3669))
	(GEODATA , 0 , (41.9565 , -73.3702))
	(GEODATA , 0 , (41.9584 , -73.3724))
	(GEODATA , 0 , (41.9605 , -73.3737))
	(GEODATA , 0 , (41.9626 , -73.3738))
	(GEODATA , 0 , (41.9646 , -73.3728))
	(GEODATA , 0 , (41.9665 , -73.3707))
	(GEODATA , 0 , (41.9681 , -73.3675))
	(GEODATA , 0 , (41.9692 , -73.3636))
	(GEODATA , 0 , (41.97 , -73.359))
	(GEODATA , 0 , (41.9703 , -73.354))
	(GEODATA , 0 , (41.97 , -73.3492))
	(GEODATA , 0 , (41.9693 , -73.3444))
	(GEODATA , 0 , (41.9681 , -73.3402))
	(GEODATA , 0 , (41.9666 , -73.3368))
	(GEODATA , 0 , (41.9647 , -73.3343))
	(GEODATA , 0 , (41.9627 , -73.3328))
	(GEODATA , 0 , (41.9606 , -73.3326))
	(GEODATA , 0 , (41.9585 , -73.3334))
	(GEODATA , 0 , (41.9566 , -73.3353))
	(GEODATA , 0 , (41.9549 , -73.3382))
	(GEODATA , 0 , (41.9536 , -73.3419))
	(GEODATA , 0 , (41.9527 , -73.3463))
	(GEODATA , 0 , (41.9523 , -73.3508))
	(GEODATA , 0 , (41.9524 , -73.3557))
	(GEODATA , 0 , (41.953 , -73.3604))
	(GEODATA , 0 , (41.954 , -73.3646))
	(GEODATA , 0 , (41.9554 , -73.3683))
	(GEODATA , 0 , (41.9572 , -73.3712))
	(GEODATA , 0 , (41.9592 , -73.373))
	(GEODATA , 0 , (41.9613 , -73.3739))
	(GEODATA , 0 , (41.9634 , -73.3736))
	(GEODATA , 0 , (41.9654 , -73.3721))
	(GEODATA , 0 , (41.9671 , -73.3696))
	(GEODATA , 0 , (41.9686 , -73.366))
	(GEODATA , 0 , (41.9696 , -73.3619))
	(GEODATA , 0 , (41.9702 , -73.3571))
	(GEODATA , 0 , (41.9702 , -73.3521))
	(GEODATA , 0 , (41.9698 , -73.3473))
	(GEODATA , 0 , (41.9689 , -73.3427))
	(GEODATA , 0 , (41.9675 , -73.3387))
	(GEODATA , 0 , (41.9658 , -73.3356))
	(GEODATA , 0 , (41.964 , -73.3336))
	(GEODATA , 0 , (41.9618 , -73.3326))
	(GEODATA , 0 , (41.9598 , -73.3327))
	(GEODATA , 0 , (41.9577 , -73.334))
	(GEODATA , 0 , (41.9559 , -73.3364))
	(GEODATA , 0 , (41.9544 , -73.3395))
	(GEODATA , 0 , (41.9532 , -73.3435))
	(GEODATA , 0 , (41.9525 , -73.3481))
	(GEODATA , 0 , (41.9523 , -73.3527))
	(GEODATA , 0 , (41.9525 , -73.3575))
	(GEODATA , 0 , (41.9533 , -73.3621))
	(GEODATA , 0 , (41.9545 , -73.3662))
	(GEODATA , 0 , (41.9561 , -73.3695))
	(GEODATA , 0 , (41.958 , -73.3721))
	(GEODATA , 0 , (41.96 , -73.3735))
	(GEODATA , 0 , (41.9622 , -73.3739))
	(GEODATA , 0 , (41.9642 , -73.3731))
	(GEODATA , 0 , (41.9661 , -73.3712))
	(GEODATA , 0 , (41.9678 , -73.3682))
	(GEODATA , 0 , (41.969 , -73.3645))
	(GEODATA , 0 , (41.9699 , -73.36))
	(GEODATA , 0 , (41.9702 , -73.355))
	(GEODATA , 0 , (41.9701 , -73.3502))
	(GEODATA , 0 , (41.9695 , -73.3454))
	(GEODATA , 0 , (41.9684 , -73.341))
	(GEODATA , 0 , (41.9669 , -73.3375))
	(GEODATA , 0 , (41.9651 , -73.3347))
	(GEODATA , 0 , (41.9631 , -73.333))
	(GEODATA , 0 , (41.961 , -73.3325))
	(GEODATA , 0 , (41.9589 , -73.3331))
	(GEODATA , 0 , (41.9569 , -73.3349))
	(GEODATA , 0 , (41.9552 , -73.3375))
	(GEODATA , 0 , (41.9538 , -73.3411))
	(GEODATA , 0 , (41.9528 , -73.3453))
	(GEODATA , 0 , (41.9523 , -73.3499))
	(GEODATA , 0 , (41.9523 , -73.3547))
	(GEODATA , 0 , (41.9528 , -73.3594))
	(GEODATA , 0 , (41.9537 , -73.3637))
	(GEODATA , 0 , (41.9551 , -73.3676))
	(GEODATA , 0 , (41.9568 , -73.3707))
	(GEODATA , 0 , (41.9588 , -73.3728))
	(GEODATA , 0 , (41.9609 , -73.3738))
	(GEODATA , 0 , (41.963 , -73.3737))
	(GEODATA , 0 , (41.965 , -73.3724))
	(GEODATA , 0 , (41.9668 , -73.3702))
	(GEODATA , 0 , (41.9683 , -73.3668))
	(GEODATA , 0 , (41.9694 , -73.3627))
	(GEODATA , 0 , (41.9701 , -73.3581))
	(GEODATA , 0 , (41.9703 , -73.3531))
	(GEODATA , 0 , (41.9699 , -73.3481))
	(GEODATA , 0 , (41.9699 , -73.3481))
	(GEODATA , 0 , (41.9699 , -73.3481))
	(GEODATA , 0 , (41.9699 , -73.3481))
	(GEODATA , 0 , (41.9699 , -73.3481))
	(GEODATA , 0 , (41.9699 , -73.3481))
	(GEODATA , 0 , (41.9699 , -73.3481))
	(GEODATA , 0 , (41.9699 , -73.3481))
	(GEODATA , 0 , (41.9699 , -73.3481))
	(GEODATA , 0 , (41.9699 , -73.3481))
	(GEODATA , 0 , (41.9609 , -73.3325))
	(GEODATA , 0 , (41.9589 , -73.3332))
	(GEODATA , 0 , (41.9569 , -73.3349))
	(GEODATA , 0 , (41.9552 , -73.3376))
	(GEODATA , 0 , (41.9538 , -73.3412))
	(GEODATA , 0 , (41.9528 , -73.3453))
	(GEODATA , 0 , (41.9523 , -73.35))
	(GEODATA , 0 , (41.9523 , -73.3548))
	(GEODATA , 0 , (41.9528 , -73.3594))
	(GEODATA , 0 , (41.9538 , -73.3638))
	(GEODATA , 0 , (41.9551 , -73.3677))
	(GEODATA , 0 , (41.9569 , -73.3708))
	(GEODATA , 0 , (41.9588 , -73.3728))
	(GEODATA , 0 , (41.9609 , -73.3738))
	(GEODATA , 0 , (41.9631 , -73.3737))
	(GEODATA , 0 , (41.965 , -73.3725))
	(GEODATA , 0 , (41.9669 , -73.3701))
	(GEODATA , 0 , (41.9684 , -73.3667))
	(GEODATA , 0 , (41.9695 , -73.3625))
	(GEODATA , 0 , (41.9701 , -73.358))
	(GEODATA , 0 , (41.9702 , -73.353))
	(GEODATA , 0 , (41.9699 , -73.348))
	(GEODATA , 0 , (41.9691 , -73.3435))
	(GEODATA , 0 , (41.9678 , -73.3394))
	(GEODATA , 0 , (41.9662 , -73.3361))
	(GEODATA , 0 , (41.9643 , -73.3339))
	(GEODATA , 0 , (41.9622 , -73.3327))
	(GEODATA , 0 , (41.9601 , -73.3326))
	(GEODATA , 0 , (41.9581 , -73.3337))
	(GEODATA , 0 , (41.9562 , -73.3359))
	(GEODATA , 0 , (41.9546 , -73.3389))
	(GEODATA , 0 , (41.9534 , -73.3428))
	(GEODATA , 0 , (41.9526 , -73.3472))
	(GEODATA , 0 , (41.9523 , -73.352))
	(GEODATA , 0 , (41.9524 , -73.3567))
	(GEODATA , 0 , (41.9531 , -73.3613))
	(GEODATA , 0 , (41.9543 , -73.3655))
	(GEODATA , 0 , (41.9558 , -73.369))
	(GEODATA , 0 , (41.9576 , -73.3717))
	(GEODATA , 0 , (41.9597 , -73.3734))
	(GEODATA , 0 , (41.9618 , -73.3739))
	(GEODATA , 0 , (41.9638 , -73.3734))
	(GEODATA , 0 , (41.9658 , -73.3716))
	(GEODATA , 0 , (41.9675 , -73.3688))
	(GEODATA , 0 , (41.9689 , -73.3651))
	(GEODATA , 0 , (41.9698 , -73.3608))
	(GEODATA , 0 , (41.9702 , -73.356))
	(GEODATA , 0 , (41.9702 , -73.3509))
	(GEODATA , 0 , (41.9696 , -73.3462))
	(GEODATA , 0 , (41.9686 , -73.3417))
	(GEODATA , 0 , (41.9672 , -73.3379))
	(GEODATA , 0 , (41.9655 , -73.3351))
	(GEODATA , 0 , (41.9635 , -73.3333))
	(GEODATA , 0 , (41.9613 , -73.3325))
	(GEODATA , 0 , (41.9593 , -73.3329))
	(GEODATA , 0 , (41.9573 , -73.3345))
	(GEODATA , 0 , (41.9555 , -73.3371))
	(GEODATA , 0 , (41.954 , -73.3404))
	(GEODATA , 0 , (41.953 , -73.3445))
	(GEODATA , 0 , (41.9524 , -73.3492))
	(GEODATA , 0 , (41.9523 , -73.3538))
	(GEODATA , 0 , (41.9527 , -73.3586))
	(GEODATA , 0 , (41.9536 , -73.3631))
	(GEODATA , 0 , (41.9549 , -73.3671))
	(GEODATA , 0 , (41.9565 , -73.3702))
	(GEODATA , 0 , (41.9585 , -73.3725))
	(GEODATA , 0 , (41.9606 , -73.3737))
	(HOPDATA , 0 , dtn://v004)
	(GEODATA , 0 , (41.9699 , -73.4023))
	(GEODATA , 0 , (41.9699 , -73.4023))
	(GEODATA , 0 , (41.9699 , -73.4023))
	(GEODATA , 0 , (41.9616 , -73.4153))
	(GEODATA , 0 , (41.9637 , -73.415))
	(GEODATA , 0 , (41.9656 , -73.4136))
	(GEODATA , 0 , (41.9674 , -73.411))
	(GEODATA , 0 , (41.9687 , -73.4076))
	(GEODATA , 0 , (41.9697 , -73.4033))
	(GEODATA , 0 , (41.9702 , -73.3986))
	(GEODATA , 0 , (41.9702 , -73.3937))
	(GEODATA , 0 , (41.9697 , -73.3887))
	(GEODATA , 0 , (41.9688 , -73.3843))
	(GEODATA , 0 , (41.9674 , -73.3802))
	(GEODATA , 0 , (41.9656 , -73.3771))
	(GEODATA , 0 , (41.9636 , -73.3749))
	(GEODATA , 0 , (41.9616 , -73.374))
	(GEODATA , 0 , (41.9595 , -73.3741))
	(GEODATA , 0 , (41.9575 , -73.3753))
	(GEODATA , 0 , (41.9557 , -73.3776))
	(GEODATA , 0 , (41.9542 , -73.3809))
	(GEODATA , 0 , (41.953 , -73.3849))
	(GEODATA , 0 , (41.9524 , -73.3892))
	(GEODATA , 0 , (41.9523 , -73.394))
	(GEODATA , 0 , (41.9526 , -73.3989))
	(GEODATA , 0 , (41.9534 , -73.4033))
	(GEODATA , 0 , (41.9548 , -73.4076))
	(GEODATA , 0 , (41.9563 , -73.4109))
	(GEODATA , 0 , (41.9583 , -73.4135))
	(GEODATA , 0 , (41.9604 , -73.415))
	(GEODATA , 0 , (41.9624 , -73.4153))
	(GEODATA , 0 , (41.9645 , -73.4146))
	(GEODATA , 0 , (41.9664 , -73.4126))
	(GEODATA , 0 , (41.968 , -73.4096))
	(GEODATA , 0 , (41.9692 , -73.4058))
	(GEODATA , 0 , (41.97 , -73.4014))
	(GEODATA , 0 , (41.9703 , -73.3965))
	(GEODATA , 0 , (41.97 , -73.3914))
	(GEODATA , 0 , (41.9693 , -73.3867))
	(GEODATA , 0 , (41.9682 , -73.3824))
	(GEODATA , 0 , (41.9666 , -73.3787))
	(GEODATA , 0 , (41.9648 , -73.3761))
	(GEODATA , 0 , (41.9628 , -73.3744))
	(GEODATA , 0 , (41.9606 , -73.3739))
	(GEODATA , 0 , (41.9586 , -73.3745))
	(GEODATA , 0 , (41.9566 , -73.3762))
	(GEODATA , 0 , (41.9549 , -73.379))
	(GEODATA , 0 , (41.9536 , -73.3824))
	(GEODATA , 0 , (41.9527 , -73.3867))
	(GEODATA , 0 , (41.9523 , -73.3914))
	(GEODATA , 0 , (41.9524 , -73.396))
	(GEODATA , 0 , (41.9529 , -73.4008))
	(GEODATA , 0 , (41.9539 , -73.4052))
	(GEODATA , 0 , (41.9553 , -73.409))
	(GEODATA , 0 , (41.9571 , -73.4121))
	(GEODATA , 0 , (41.9591 , -73.4142))
	(GEODATA , 0 , (41.9612 , -73.4153))
	(GEODATA , 0 , (41.9633 , -73.4152))
	(GEODATA , 0 , (41.9653 , -73.4139))
	(GEODATA , 0 , (41.9671 , -73.4115))
	(GEODATA , 0 , (41.9685 , -73.4083))
	(GEODATA , 0 , (41.9696 , -73.4041))
	(GEODATA , 0 , (41.9701 , -73.3995))
	(GEODATA , 0 , (41.9702 , -73.3946))
	(GEODATA , 0 , (41.9698 , -73.3896))
	(GEODATA , 0 , (41.969 , -73.385))
	(GEODATA , 0 , (41.9676 , -73.3809))
	(GEODATA , 0 , (41.966 , -73.3777))
	(GEODATA , 0 , (41.9641 , -73.3753))
	(GEODATA , 0 , (41.962 , -73.3741))
	(GEODATA , 0 , (41.9598 , -73.374))
	(GEODATA , 0 , (41.9578 , -73.375))
	(GEODATA , 0 , (41.956 , -73.3771))
	(GEODATA , 0 , (41.9544 , -73.3802))
	(GEODATA , 0 , (41.9532 , -73.3841))
	(GEODATA , 0 , (41.9525 , -73.3884))
	(GEODATA , 0 , (41.9523 , -73.3932))
	(GEODATA , 0 , (41.9525 , -73.3979))
	(GEODATA , 0 , (41.9533 , -73.4026))
	(GEODATA , 0 , (41.9545 , -73.4068))
	(GEODATA , 0 , (41.956 , -73.4104))
	(GEODATA , 0 , (41.9579 , -73.413))
	(GEODATA , 0 , (41.9599 , -73.4148))
	(GEODATA , 0 , (41.9621 , -73.4153))
	(GEODATA , 0 , (41.9641 , -73.4148))
	(GEODATA , 0 , (41.966 , -73.4131))
	(GEODATA , 0 , (41.9677 , -73.4103))
	(GEODATA , 0 , (41.969 , -73.4067))
	(GEODATA , 0 , (41.9699 , -73.4023))
	(GEODATA , 0 , (41.9702 , -73.3975))
	(GEODATA , 0 , (41.9701 , -73.3926))
	(GEODATA , 0 , (41.9695 , -73.3877))
	(GEODATA , 0 , (41.9685 , -73.3832))
	(GEODATA , 0 , (41.967 , -73.3795))
	(GEODATA , 0 , (41.9652 , -73.3765))
	(GEODATA , 0 , (41.9632 , -73.3746))
	(GEODATA , 0 , (41.9611 , -73.3739))
	(GEODATA , 0 , (41.959 , -73.3743))
	(GEODATA , 0 , (41.957 , -73.3758))
	(GEODATA , 0 , (41.9553 , -73.3782))
	(GEODATA , 0 , (41.9539 , -73.3817))
	(GEODATA , 0 , (41.9529 , -73.3858))
	(GEODATA , 0 , (41.9523 , -73.3902))
	(GEODATA , 0 , (41.9523 , -73.3951))
	(GEODATA , 0 , (41.9528 , -73.3998))
	(GEODATA , 0 , (41.9537 , -73.4044))
	(GEODATA , 0 , (41.955 , -73.4083))
	(GEODATA , 0 , (41.9567 , -73.4115))
	(GEODATA , 0 , (41.9587 , -73.4139))
	(GEODATA , 0 , (41.9607 , -73.4151))
	(GEODATA , 0 , (41.9629 , -73.4153))
	(GEODATA , 0 , (41.9649 , -73.4142))
	(GEODATA , 0 , (41.9668 , -73.4121))
	(GEODATA , 0 , (41.9683 , -73.409))
	(GEODATA , 0 , (41.9694 , -73.405))
	(GEODATA , 0 , (41.9701 , -73.4004))
	(GEODATA , 0 , (41.9703 , -73.3956))
	(GEODATA , 0 , (41.9699 , -73.3906))
	(GEODATA , 0 , (41.9692 , -73.3859))
	(GEODATA , 0 , (41.9679 , -73.3817))
	(GEODATA , 0 , (41.9663 , -73.3782))
	(GEODATA , 0 , (41.9644 , -73.3756))
	(GEODATA , 0 , (41.9624 , -73.3742))
	(GEODATA , 0 , (41.9603 , -73.3739))
	(GEODATA , 0 , (41.9582 , -73.3748))
	(GEODATA , 0 , (41.9563 , -73.3766))
	(GEODATA , 0 , (41.9547 , -73.3795))
	(GEODATA , 0 , (41.9534 , -73.3833))
	(GEODATA , 0 , (41.9526 , -73.3876))
	(GEODATA , 0 , (41.9523 , -73.3922))
	(GEODATA , 0 , (41.9524 , -73.3971))
	(GEODATA , 0 , (41.9531 , -73.4018))
	(GEODATA , 0 , (41.9542 , -73.4061))
	(GEODATA , 0 , (41.9557 , -73.4097))
	(GEODATA , 0 , (41.9575 , -73.4126))
	(GEODATA , 0 , (41.9596 , -73.4146))
	(GEODATA , 0 , (41.9616 , -73.4153))
	(GEODATA , 0 , (41.9638 , -73.415))
	(GEODATA , 0 , (41.9657 , -73.4135))
	(GEODATA , 0 , (41.9674 , -73.4109))
	(GEODATA , 0 , (41.9688 , -73.4074))
	(GEODATA , 0 , (41.9697 , -73.4031))
	(GEODATA , 0 , (41.9702 , -73.3985))
	(GEODATA , 0 , (41.9702 , -73.3935))
	(GEODATA , 0 , (41.9697 , -73.3885))
	(GEODATA , 0 , (41.9687 , -73.3839))
	(GEODATA , 0 , (41.9673 , -73.3801))
	(GEODATA , 0 , (41.9656 , -73.377))
	(GEODATA , 0 , (41.9636 , -73.3749))
	(GEODATA , 0 , (41.9615 , -73.3739))
	(GEODATA , 0 , (41.9594 , -73.3741))
	(GEODATA , 0 , (41.9573 , -73.3754))
	(GEODATA , 0 , (41.9556 , -73.3777))
	(GEODATA , 0 , (41.9541 , -73.381))
	(GEODATA , 0 , (41.953 , -73.385))
	(GEODATA , 0 , (41.9524 , -73.3894))
	(GEODATA , 0 , (41.9523 , -73.3942))
	(GEODATA , 0 , (41.9526 , -73.3987))
	(GEODATA , 0 , (41.9526 , -73.3987))
	(GEODATA , 0 , (41.9526 , -73.3987))
	(GEODATA , 0 , (41.9526 , -73.3987))
	(GEODATA , 0 , (41.9526 , -73.3987))
	(GEODATA , 0 , (41.9526 , -73.3987))
	(GEODATA , 0 , (41.9526 , -73.3987))
	(GEODATA , 0 , (41.9526 , -73.3987))
	(GEODATA , 0 , (41.9526 , -73.3987))
	(GEODATA , 0 , (41.9526 , -73.3987))
	(GEODATA , 0 , (41.9617 , -73.4153))
	(GEODATA , 0 , (41.9637 , -73.415))
	(GEODATA , 0 , (41.9657 , -73.4135))
	(GEODATA , 0 , (41.9674 , -73.4109))
	(GEODATA , 0 , (41.9688 , -73.4075))
	(GEODATA , 0 , (41.9697 , -73.4032))
	(GEODATA , 0 , (41.9702 , -73.3986))
	(GEODATA , 0 , (41.9702 , -73.3935))
	(GEODATA , 0 , (41.9697 , -73.3886))
	(GEODATA , 0 , (41.9687 , -73.3841))
	(GEODATA , 0 , (41.9673 , -73.3801))
	(GEODATA , 0 , (41.9656 , -73.377))
	(GEODATA , 0 , (41.9636 , -73.3749))
	(GEODATA , 0 , (41.9615 , -73.3739))
	(GEODATA , 0 , (41.9594 , -73.3741))
	(GEODATA , 0 , (41.9574 , -73.3754))
	(GEODATA , 0 , (41.9556 , -73.3777))
	(GEODATA , 0 , (41.9541 , -73.381))
	(GEODATA , 0 , (41.953 , -73.385))
	(GEODATA , 0 , (41.9524 , -73.3894))
	(GEODATA , 0 , (41.9523 , -73.3942))
	(GEODATA , 0 , (41.9526 , -73.399))
	(GEODATA , 0 , (41.9535 , -73.4034))
	(GEODATA , 0 , (41.9548 , -73.4076))
	(GEODATA , 0 , (41.9564 , -73.411))
	(GEODATA , 0 , (41.9583 , -73.4135))
	(GEODATA , 0 , (41.9604 , -73.415))
	(GEODATA , 0 , (41.9625 , -73.4153))
	(GEODATA , 0 , (41.9646 , -73.4145))
	(GEODATA , 0 , (41.9664 , -73.4126))
	(GEODATA , 0 , (41.968 , -73.4096))
	(GEODATA , 0 , (41.9692 , -73.4058))
	(GEODATA , 0 , (41.97 , -73.4012))
	(GEODATA , 0 , (41.9703 , -73.3965))
	(GEODATA , 0 , (41.97 , -73.3914))
	(GEODATA , 0 , (41.9693 , -73.3866))
	(GEODATA , 0 , (41.9682 , -73.3824))
	(GEODATA , 0 , (41.9666 , -73.3787))
	(GEODATA , 0 , (41.9648 , -73.376))
	(GEODATA , 0 , (41.9628 , -73.3744))
	(GEODATA , 0 , (41.9606 , -73.3739))
	(GEODATA , 0 , (41.9585 , -73.3745))
	(GEODATA , 0 , (41.9566 , -73.3762))
	(GEODATA , 0 , (41.9549 , -73.379))
	(GEODATA , 0 , (41.9536 , -73.3826))
	(GEODATA , 0 , (41.9527 , -73.3868))
	(GEODATA , 0 , (41.9523 , -73.3914))
	(GEODATA , 0 , (41.9524 , -73.3962))
	(GEODATA , 0 , (41.9529 , -73.4009))
	(GEODATA , 0 , (41.954 , -73.4054))
	(GEODATA , 0 , (41.9554 , -73.4091))
	(GEODATA , 0 , (41.9572 , -73.4122))
	(GEODATA , 0 , (41.9592 , -73.4143))
	(GEODATA , 0 , (41.9613 , -73.4153))
	(GEODATA , 0 , (41.9634 , -73.4151))
	(GEODATA , 0 , (41.9654 , -73.4138))
	(GEODATA , 0 , (41.9672 , -73.4114))
	(GEODATA , 0 , (41.9686 , -73.408))
	(GEODATA , 0 , (41.9696 , -73.404))
	(GEODATA , 0 , (41.9702 , -73.3992))
	(GEODATA , 0 , (41.9702 , -73.3942))
	(GEODATA , 0 , (41.9698 , -73.3894))
	(GEODATA , 0 , (41.9689 , -73.3847))
	(GEODATA , 0 , (41.9675 , -73.3806))
	(GEODATA , 0 , (41.9659 , -73.3775))
	(GEODATA , 0 , (41.9639 , -73.3752))
	(GEODATA , 0 , (41.9618 , -73.374))
	(GEODATA , 0 , (41.9598 , -73.374))
	(GEODATA , 0 , (41.9577 , -73.3751))
	(GEODATA , 0 , (41.9558 , -73.3773))
	(GEODATA , 0 , (41.9543 , -73.3804))
	(GEODATA , 0 , (41.9532 , -73.3843))
	(GEODATA , 0 , (41.9525 , -73.3887))
	(GEODATA , 0 , (41.9523 , -73.3933))
	(GEODATA , 0 , (41.9525 , -73.3982))
	(GEODATA , 0 , (41.9533 , -73.4028))
	(GEODATA , 0 , (41.9546 , -73.407))
	(GEODATA , 0 , (41.9561 , -73.4105))
	(GEODATA , 0 , (41.958 , -73.4132))
	(GEODATA , 0 , (41.9601 , -73.4148))