x y
41.9519 -73.3584
41.9519 -73.3584
41.9519 -73.3584
41.9436 -73.3717
41.9457 -73.3712
41.9476 -73.3696
41.9493 -73.3671
41.9507 -73.3636
41.9517 -73.3596
41.9522 -73.3549
41.9522 -73.3501
41.9517 -73.3455
41.9508 -73.3411
41.9494 -73.3374
41.9476 -73.3345
41.9457 -73.3326
41.9436 -73.3318
41.9415 -73.3321
41.9395 -73.3334
41.9377 -73.3358
41.9362 -73.339
41.9351 -73.3429
41.9344 -73.3473
41.9343 -73.3518
41.9346 -73.3564
41.9354 -73.3608
41.9366 -73.3646
41.9383 -73.3678
41.9402 -73.3701
41.9423 -73.3715
41.9444 -73.3716
41.9464 -73.3708
41.9483 -73.3688
41.95 -73.3658
41.9511 -73.3621
41.9519 -73.3577
41.9523 -73.3529
41.9521 -73.3483
41.9514 -73.3436
41.9502 -73.3395
41.9487 -73.3361
41.9468 -73.3336
41.9448 -73.3322
41.9427 -73.3318
41.9407 -73.3325
41.9387 -73.3343
41.937 -73.3371
41.9357 -73.3405
41.9347 -73.3447
41.9343 -73.3492
41.9343 -73.3537
41.9349 -73.3583
41.9359 -73.3624
41.9373 -73.366
41.939 -73.3689
41.941 -73.3708
41.9431 -73.3716
41.9452 -73.3714
41.9472 -73.3701
41.949 -73.3677
41.9505 -73.3644
41.9515 -73.3603
41.9521 -73.3559
41.9522 -73.3511
41.9519 -73.3464
41.951 -73.342
41.9497 -73.3381
41.948 -73.335
41.9461 -73.3329
41.944 -73.3319
41.9419 -73.332
41.9399 -73.3331
41.938 -73.3353
41.9364 -73.3384
41.9353 -73.342
41.9345 -73.3464
41.9342 -73.3508
41.9345 -73.3555
41.9352 -73.36
41.9364 -73.3638
41.9379 -73.3672
41.9398 -73.3698
41.9418 -73.3712
41.9439 -73.3717
41.946 -73.371
41.9479 -73.3693
41.9496 -73.3665
41.9509 -73.3629
41.9518 -73.3586
41.9522 -73.3541
41.9521 -73.3492
41.9516 -73.3445
41.9505 -73.3404
41.9491 -73.3368
41.9473 -73.3341
41.9453 -73.3324
41.9432 -73.3318
41.9411 -73.3323
41.9391 -73.3338
41.9374 -73.3364
41.936 -73.3396
41.9349 -73.3437
41.9343 -73.3481
41.9343 -73.3526
41.9347 -73.3572
41.9356 -73.3615
41.937 -73.3653
41.9386 -73.3683
41.9406 -73.3705
41.9427 -73.3716
41.9447 -73.3716
41.9468 -73.3705
41.9487 -73.3683
41.9502 -73.3653
41.9513 -73.3613
41.952 -73.3568
41.9523 -73.3522
41.952 -73.3474
41.9512 -73.3428
41.95 -73.3388
41.9484 -73.3356
41.9465 -73.3333
41.9445 -73.332
41.9424 -73.3318
41.9403 -73.3328
41.9384 -73.3347
41.9368 -73.3376
41.9355 -73.3412
41.9346 -73.3455
41.9343 -73.3499
41.9344 -73.3546
41.935 -73.3591
41.9361 -73.3631
41.9376 -73.3666
41.9394 -73.3693
41.9414 -73.371
41.9435 -73.3717
41.9456 -73.3712
41.9475 -73.3698
41.9493 -73.3672
41.9507 -73.3637
41.9517 -73.3595
41.9522 -73.355
41.9522 -73.3502
41.9517 -73.3455
41.9507 -73.3411
41.9494 -73.3375
41.9477 -73.3345
41.9457 -73.3326
41.9436 -73.3318
41.9415 -73.3321
41.9395 -73.3335
41.9377 -73.3358
41.9362 -73.339
41.9351 -73.3428
41.9344 -73.3472
41.9343 -73.3518
41.9346 -73.3563
41.9346 -73.3565
41.9346 -73.3565
41.9346 -73.3565
41.9346 -73.3565
41.9346 -73.3565
41.9346 -73.3565
41.9346 -73.3565
41.9346 -73.3565
41.9346 -73.3565
41.9436 -73.3717
41.9457 -73.3712
41.9476 -73.3696
41.9493 -73.3671
41.9507 -73.3636
41.9517 -73.3594
41.9522 -73.3549
41.9522 -73.3501
41.9517 -73.3455
41.9508 -73.3411
41.9494 -73.3374
41.9476 -73.3345
41.9457 -73.3326
41.9436 -73.3318
41.9415 -73.3321
41.9395 -73.3334
41.9377 -73.3358
41.9361 -73.3391
41.9351 -73.3429
41.9344 -73.3473
41.9343 -73.3519
41.9346 -73.3564
41.9354 -73.3608
41.9367 -73.3647
41.9383 -73.3678
41.9402 -73.3701
41.9423 -73.3715
41.9444 -73.3716
41.9464 -73.3708
41.9483 -73.3688
41.95 -73.3658
41.9511 -73.3621
41.9519 -73.3577
41.9523 -73.3529
41.9521 -73.3483
41.9514 -73.3436
41.9502 -73.3395
41.9487 -73.3361
41.9469 -73.3336
41.9448 -73.3322
41.9427 -73.3318
41.9407 -73.3325
41.9387 -73.3343
41.937 -73.3371
41.9357 -73.3405
41.9347 -73.3447
41.9343 -73.3492
41.9343 -73.3537
41.9349 -73.3583
41.9359 -73.3625
41.9373 -73.366
41.939 -73.3689
41.941 -73.3708
41.9432 -73.3716
41.9452 -73.3714
41.9473 -73.3701
41.9491 -73.3676
41.9505 -73.3644
41.9515 -73.3603
41.9521 -73.3557
41.9522 -73.3511
41.9518 -73.3463
41.951 -73.3418
41.9496 -73.338
41.948 -73.335
41.9461 -73.3329
41.944 -73.3319
41.9419 -73.332
41.9398 -73.3331
41.938 -73.3353
41.9364 -73.3384
41.9352 -73.3422
41.9345 -73.3464
41.9342 -73.351
41.9345 -73.3557
41.9352 -73.36
41.9364 -73.364
41.938 -73.3673
41.9398 -73.3698
41.9419 -73.3713
41.944 -73.3717
41.946 -73.371
41.948 -73.3693
41.9497 -73.3665
41.951 -73.3628
41.9518 -73.3586
41.9522 -73.3539
41.9521 -73.3491
41.9516 -73.3445
41.9505 -73.3403
41.949 -73.3367
41.9472 -73.334
41.9453 -73.3324
41.9431 -73.3318
41.941 -73.3323
41.9391 -73.3339
41.9373 -73.3365
41.9359 -73.3399
41.9349 -73.3438
41.9343 -73.3483
41.9343 -73.3529
41.9347 -73.3574
41.9357 -73.3617
41.937 -73.3654
41.9387 -73.3685
41.9406 -73.3705
41.9427 -73.3716
41.9449 -73.3715
41.9469 -73.3704
41.9487 -73.3682
41.9502 -73.365
41.9514 -73.3611
41.9521 -73.3567
41.9523 -73.3519
41.9519 -73.3471
41.9512 -73.3427
41.9499 -73.3386
41.9483 -73.3354
41.9464 -73.3332
41.9444 -73.332
41.9422 -73.3318
41.9402 -73.3329
41.9382 -73.3349
41.9367 -73.3378
41.9354 -73.3415
41.9346 -73.3458
41.9343 -73.3502
41.9344 -73.3549
41.9351 -73.3594
41.9362 -73.3633
41.9377 -73.3668
41.9395 -73.3694
41.9415 -73.3711
41.9436 -73.3717
41.9457 -73.3712
41.9477 -73.3696
41.9494 -73.367
41.9508 -73.3635
41.9517 -73.3592
41.9522 -73.3547
41.9522 -73.3499
41.9517 -73.3452
41.9507 -73.3408
41.9493 -73.3372
41.9475 -73.3344
41.9456 -73.3325
41.9435 -73.3318
41.9414 -73.3322
41.9393 -73.3336
41.9376 -73.3359
41.9361 -73.3392
41.935 -73.3432
41.9344 -73.3475
41.9343 -73.3521
41.9346 -73.3568
41.9355 -73.361
41.9368 -73.3649
41.9384 -73.368
41.9403 -73.3703
41.9424 -73.3715
41.9445 -73.3716
41.9466 -73.3706
41.9485 -73.3686
41.95 -73.3656
41.9512 -73.3618
41.952 -73.3573
41.9523 -73.3525
41.952 -73.3479
41.9513 -73.3433
41.9501 -73.3392
41.9486 -73.3359
41.9467 -73.3335
41.9447 -73.3321
41.9426 -73.3318
41.9405 -73.3326
41.9386 -73.3345
41.9369 -73.3373
41.9356 -73.3408
41.9351 -73.3428
41.9351 -73.3428
41.9351 -73.3428
41.9351 -73.3428
41.9351 -73.3428
41.9351 -73.3428
41.9516 -73.3598
41.9518 -73.359
41.9519 -73.3581
41.952 -73.3571
41.9521 -73.3562
41.9522 -73.3553
41.9522 -73.3543
41.9522 -73.3534
41.9523 -73.3524
41.9522 -73.3515
41.9522 -73.3505
41.9522 -73.3496
41.9521 -73.3486
41.952 -73.3477
41.9519 -73.3467
41.9518 -73.3458
41.9516 -73.3449
41.9515 -73.344
41.9513 -73.3431
41.9511 -73.3423
41.9508 -73.3415
41.9506 -73.3406
41.9504 -73.3398
41.9501 -73.3391
41.9498 -73.3384
41.9495 -73.3377
41.9492 -73.337
41.9489 -73.3364
41.9485 -73.3358
41.9482 -73.3353
41.9478 -73.3347
41.9475 -73.3343
41.9471 -73.3338
41.9467 -73.3334
41.9463 -73.3331
41.9459 -73.3328
41.9455 -73.3325
41.9451 -73.3322
41.9446 -73.3321
41.9442 -73.3319
41.9438 -73.3318
41.9434 -73.3318
41.943 -73.3318
41.9425 -73.3318
41.9421 -73.3319
41.9417 -73.332
41.9413 -73.3322
41.9409 -73.3324
41.9404 -73.3326
41.94 -73.3329
41.9397 -73.3333
41.9393 -73.3337
41.9389 -73.3341
41.9385 -73.3345
41.9382 -73.335
41.9378 -73.3355
41.9375 -73.3361
41.9372 -73.3367
41.9369 -73.3373
41.9366 -73.338
41.9363 -73.3387
41.936 -73.3394
41.9358 -73.3401
41.9356 -73.3409
41.9353 -73.3417
41.9352 -73.3425
41.935 -73.3433
41.9348 -73.3442
41.9347 -73.3451
41.9346 -73.3459
41.9345 -73.3468
41.9344 -73.3477
41.9343 -73.3486
41.9343 -73.3496
41.9343 -73.3505
41.9342 -73.3514
41.9343 -73.3524
41.9343 -73.3532
41.9344 -73.3542
41.9344 -73.3551
41.9345 -73.356
41.9347 -73.3569
41.9348 -73.3578
41.9349 -73.3587
41.9351 -73.3595
41.9353 -73.3604
41.9355 -73.3612
41.9357 -73.362
41.936 -73.3628
41.9363 -73.3636
41.9365 -73.3643
41.9368 -73.365
41.9371 -73.3657
41.9374 -73.3663
41.9378 -73.3669
41.9381 -73.3675
41.9385 -73.3681
41.9388 -73.3686
41.9392 -73.3691
41.9396 -73.3695
41.94 -73.3699
41.9404 -73.3703
41.9408 -73.3706
41.9412 -73.3709
41.9418 -73.3713
41.9418 -73.3713
41.9418 -73.3713
41.9418 -73.3713
41.9418 -73.3713
41.9973 -73.3136
41.9973 -73.3136
41.9973 -73.3141
41.9973 -73.3141
41.9973 -73.3136
41.9973 -73.3136
41.9973 -73.3136
41.9973 -73.3132
41.9973 -73.3132
41.9973 -73.3127
41.9973 -73.3127
41.9527 -73.4278
41.9527 -73.4278
41.9527 -73.4278
41.9608 -73.4152
41.9588 -73.4155
41.9568 -73.417
41.9551 -73.4195
41.9537 -73.4228
41.9528 -73.4269
41.9523 -73.4314
41.9523 -73.4362
41.9528 -73.441
41.9538 -73.4455
41.9552 -73.4495
41.9569 -73.4529
41.9589 -73.4552
41.961 -73.4565
41.9631 -73.4568
41.9651 -73.4558
41.9669 -73.4537
41.9684 -73.4506
41.9695 -73.4467
41.9701 -73.4421
41.9702 -73.4372
41.9699 -73.4323
41.9691 -73.4275
41.9678 -73.4232
41.9662 -73.4197
41.9642 -73.4171
41.9622 -73.4156
41.96 -73.4152
41.958 -73.416
41.9561 -73.4178
41.9545 -73.4207
41.9533 -73.4244
41.9525 -73.4286
41.9523 -73.4334
41.9525 -73.4382
41.9532 -73.4428
41.9543 -73.4472
41.9559 -73.451
41.9577 -73.454
41.9597 -73.4559
41.9619 -73.4568
41.964 -73.4565
41.9659 -73.4551
41.9676 -73.4525
41.9689 -73.4492
41.9698 -73.4449
41.9702 -73.4401
41.9702 -73.4352
41.9696 -73.4302
41.9686 -73.4256
41.9672 -73.4217
41.9654 -73.4185
41.9634 -73.4163
41.9613 -73.4153
41.9592 -73.4154
41.9573 -73.4166
41.9555 -73.4188
41.954 -73.4221
41.9529 -73.4261
41.9524 -73.4304
41.9523 -73.4352
41.9527 -73.4401
41.9536 -73.4446
41.9549 -73.4488
41.9566 -73.4522
41.9585 -73.4548
41.9606 -73.4564
41.9627 -73.4568
41.9647 -73.4561
41.9666 -73.4542
41.9681 -73.4513
41.9693 -73.4476
41.97 -73.4431
41.9703 -73.4384
41.97 -73.4333
41.9693 -73.4284
41.9681 -73.4241
41.9665 -73.4204
41.9647 -73.4175
41.9627 -73.4158
41.9605 -73.4152
41.9584 -73.4157
41.9565 -73.4173
41.9549 -73.42
41.9535 -73.4235
41.9527 -73.4277
41.9523 -73.4323
41.9524 -73.4371
41.953 -73.4419
41.954 -73.4462
41.9555 -73.4502
41.9573 -73.4534
41.9593 -73.4556
41.9614 -73.4567
41.9635 -73.4567
41.9654 -73.4555
41.9672 -73.4532
41.9686 -73.45
41.9696 -73.446
41.9702 -73.4413
41.9702 -73.4362
41.9698 -73.4314
41.9689 -73.4267
41.9675 -73.4225
41.9658 -73.4191
41.9639 -73.4167
41.9618 -73.4154
41.9596 -73.4153
41.9576 -73.4162
41.9558 -73.4183
41.9543 -73.4214
41.9532 -73.425
41.9525 -73.4295
41.9523 -73.4342
41.9526 -73.439
41.9533 -73.4437
41.9546 -73.4479
41.9561 -73.4515
41.958 -73.4543
41.9601 -73.4561
41.9623 -73.4568
41.9643 -73.4564
41.9662 -73.4547
41.9678 -73.452
41.9691 -73.4484
41.9699 -73.4441
41.9703 -73.4392
41.9701 -73.4343
41.9695 -73.4294
41.9684 -73.425
41.9669 -73.4211
41.9651 -73.418
41.963 -73.416
41.961 -73.4152
41.9588 -73.4155
41.9569 -73.417
41.9552 -73.4194
41.9538 -73.4227
41.9528 -73.4268
41.9523 -73.4313
41.9523 -73.4361
41.9528 -73.4409
41.9538 -73.4454
41.9552 -73.4494
41.9569 -73.4528
41.9589 -73.4552
41.9609 -73.4565
41.9631 -73.4568
41.9651 -73.4558
41.9669 -73.4538
41.9684 -73.4507
41.9694 -73.4468
41.9701 -73.4423
41.9702 -73.4373
41.9699 -73.4324
41.9699 -73.4324
41.9699 -73.4324
41.9699 -73.4324
41.9699 -73.4324
41.9699 -73.4324
41.9699 -73.4324
41.9699 -73.4324
41.9699 -73.4324
41.9699 -73.4324
41.9608 -73.4152
41.9588 -73.4155
41.9568 -73.417
41.9551 -73.4194
41.9537 -73.4228
41.9528 -73.4269
41.9523 -73.4314
41.9523 -73.4362
41.9528 -73.4409
41.9538 -73.4455
41.9552 -73.4495
41.9569 -73.4529
41.9589 -73.4553
41.961 -73.4565
41.9631 -73.4568
41.9651 -73.4558
41.9669 -73.4537
41.9684 -73.4506
41.9695 -73.4466
41.9701 -73.4421
41.9702 -73.4372
41.9699 -73.4321
41.9691 -73.4275
41.9678 -73.4232
41.9661 -73.4196
41.9642 -73.4171
41.9622 -73.4156
41.96 -73.4152
41.958 -73.416
41.9561 -73.4178
41.9545 -73.4207
41.9533 -73.4244
41.9525 -73.4286
41.9523 -73.4334
41.9525 -73.4382
41.9532 -73.4428
41.9543 -73.4472
41.9559 -73.451
41.9577 -73.454
41.9597 -73.4559
41.9619 -73.4568
41.964 -73.4565
41.9659 -73.4551
41.9676 -73.4525
41.9689 -73.449
41.9698 -73.4449
41.9702 -73.4401
41.9702 -73.4351
41.9696 -73.4302
41.9686 -73.4256
41.9672 -73.4217
41.9654 -73.4185
41.9634 -73.4163
41.9613 -73.4153
41.9592 -73.4154
41.9572 -73.4166
41.9554 -73.4189
41.954 -73.4221
41.9529 -73.4261
41.9524 -73.4306
41.9523 -73.4352
41.9527 -73.4401
41.9536 -73.4447
41.9549 -73.4489
41.9566 -73.4522
41.9585 -73.4548
41.9606 -73.4564
41.9627 -73.4568
41.9648 -73.4561
41.9666 -73.4542
41.9681 -73.4513
41.9693 -73.4474
41.97 -73.4431
41.9703 -73.4382
41.97 -73.4331
41.9693 -73.4284
41.9681 -73.424
41.9665 -73.4203
41.9647 -73.4175
41.9626 -73.4158
41.9604 -73.4152
41.9584 -73.4157
41.9565 -73.4174
41.9548 -73.4201
41.9535 -73.4236
41.9526 -73.4279
41.9523 -73.4324
41.9524 -73.4373
41.953 -73.442
41.9541 -73.4464
41.9555 -73.4503
41.9574 -73.4534
41.9594 -73.4556
41.9614 -73.4567
41.9636 -73.4566
41.9656 -73.4554
41.9673 -73.4531
41.9687 -73.4498
41.9697 -73.4457
41.9702 -73.4411
41.9702 -73.4361
41.9697 -73.4311
41.9688 -73.4265
41.9674 -73.4223
41.9657 -73.419
41.9637 -73.4166
41.9617 -73.4154
41.9596 -73.4153
41.9575 -73.4163
41.9557 -73.4184
41.9542 -73.4214
41.9531 -73.4253
41.9524 -73.4298
41.9523 -73.4344
41.9526 -73.4393
41.9534 -73.444
41.9546 -73.4481
41.9563 -73.4517
41.9582 -73.4545
41.9602 -73.4562
41.9623 -73.4568
41.9644 -73.4563
41.9663 -73.4546
41.9679 -73.4519
41.9691 -73.4482
41.9699 -73.4438
41.9703 -73.439
41.9701 -73.434
41.9694 -73.4291
41.9683 -73.4247
41.9668 -73.4208
41.9649 -73.4178
41.9629 -73.416
41.9608 -73.4152
41.9587 -73.4156
41.9568 -73.417
41.9551 -73.4196
41.9537 -73.423
41.9528 -73.4271
41.9523 -73.4316
41.9523 -73.4364
41.9529 -73.4413
41.9538 -73.4456
41.9553 -73.4497
41.957 -73.453
41.959 -73.4553
41.9612 -73.4566
41.9632 -73.4567
41.9652 -73.4557
41.967 -73.4535
41.9685 -73.4504
41.9695 -73.4464
41.9701 -73.4418
41.9702 -73.437
41.9698 -73.4319
41.969 -73.4271
41.9677 -73.423
41.966 -73.4195
41.9641 -73.4169
41.9621 -73.4155
41.9599 -73.4152
41.9579 -73.4161
41.956 -73.418
41.9545 -73.4209
41.9533 -73.4246
41.9525 -73.429
41.9523 -73.4336
41.9525 -73.4384
41.9532 -73.4432
41.9544 -73.4475
41.956 -73.4512
41.9578 -73.4541
41.9599 -73.456
41.962 -73.4568
41.9641 -73.4565
41.966 -73.4549
41.9676 -73.4524
41.969 -73.4489
41.9694 -73.4469
41.9694 -73.4469
41.9694 -73.4469
41.9694 -73.4469
41.9694 -73.4469
41.9694 -73.4469
42.0249 -73.3509
42.0248 -73.3519
42.0246 -73.353
42.0245 -73.354
42.0244 -73.3551
42.0244 -73.3562
42.0243 -73.3573
42.0243 -73.3585
42.0243 -73.3596
42.0243 -73.3607
42.0243 -73.3618
42.0244 -73.3629
42.0244 -73.3641
42.0245 -73.3651
42.0246 -73.3663
42.0248 -73.3674
42.0249 -73.3684
42.0251 -73.3695
42.0253 -73.3705
42.0255 -73.3716
42.0257 -73.3726
42.0259 -73.3735
42.0262 -73.3745
42.0265 -73.3754
42.0267 -73.3763
42.027 -73.3771
42.0273 -73.3779
42.0277 -73.3787
42.028 -73.3795
42.0284 -73.3802
42.0287 -73.3808
42.0291 -73.3814
42.0295 -73.382
42.0299 -73.3825
42.0303 -73.383
42.0307 -73.3835
42.0311 -73.3838
42.0315 -73.3842
42.0319 -73.3844
42.0323 -73.3846
42.0327 -73.3848
42.0332 -73.3849
42.0336 -73.385
42.034 -73.385
42.0344 -73.385
42.0349 -73.3849
42.0353 -73.3847
42.0357 -73.3845
42.0361 -73.3842
42.0365 -73.3839
42.0369 -73.3836
42.0373 -73.3831
42.0376 -73.3827
42.038 -73.3822
42.0384 -73.3816
42.0387 -73.381
42.039 -73.3803
42.0394 -73.3796
42.0397 -73.3788
42.04 -73.378
42.0402 -73.3772
42.0405 -73.3763
42.0407 -73.3754
42.041 -73.3744
42.0412 -73.3735
42.0414 -73.3724
42.0416 -73.3714
42.0417 -73.3703
42.0419 -73.3692
42.042 -73.3682
42.0421 -73.367
42.0422 -73.3658
42.0422 -73.3647
42.0423 -73.3635
42.0423 -73.3624
42.0423 -73.3612
42.0423 -73.36
42.0422 -73.3589
42.0422 -73.3577
42.0421 -73.3565
42.042 -73.3553
42.0419 -73.3542
42.0417 -73.3531
42.0416 -73.352
42.0414 -73.3509
42.0412 -73.3498
42.041 -73.3488
42.0408 -73.3478
42.0405 -73.3468
42.0403 -73.3458
42.04 -73.3449
42.0397 -73.3441
42.0394 -73.3432
42.0391 -73.3424
42.0388 -73.3416
42.0384 -73.3409
42.0381 -73.3403
42.0377 -73.3397
42.0373 -73.3391
42.0369 -73.3386
42.0365 -73.3381
42.0361 -73.3377
42.0357 -73.3373
42.0353 -73.337
42.0347 -73.3366
42.0347 -73.3366
42.0347 -73.3366
42.0347 -73.3366
42.0347 -73.3366
41.9973 -73.3127
41.9973 -73.3257
41.9973 -73.3391
41.9973 -73.3525
41.9973 -73.3655
41.9973 -73.3789
41.9973 -73.3919
41.9973 -73.4053
41.9973 -73.4183
41.9973 -73.4156
41.9973 -73.4022
41.9973 -73.4004
41.9973 -73.3888
41.9973 -73.3758
41.9973 -73.3624
41.9973 -73.349
41.9973 -73.336
41.9973 -73.3226
41.9973 -73.3141
41.9973 -73.3275
41.9973 -73.3342
41.9973 -73.3445
41.9973 -73.3579
41.9973 -73.3709
41.9973 -73.3843
41.9973 -73.3973
41.9973 -73.4107
41.9973 -73.4232
41.9973 -73.4102
41.9973 -73.3968
41.9973 -73.3834
41.9973 -73.3704
41.9973 -73.357
41.9973 -73.3441
41.9973 -73.3306
41.9973 -73.3172
41.9973 -73.3199
41.9973 -73.3329
41.9973 -73.3463
41.9973 -73.3597
41.9973 -73.3727
41.9973 -73.3861
41.9973 -73.3995
41.9973 -73.4125
41.9973 -73.4214
41.9973 -73.408
41.9973 -73.395
41.9973 -73.3816
41.9973 -73.3682
41.9973 -73.3552
41.9973 -73.3418
41.9973 -73.3284
41.9973 -73.3154
41.9973 -73.3217
41.9973 -73.3351
41.9973 -73.3481
41.9973 -73.3615
41.9973 -73.3749
41.9973 -73.3879
41.9973 -73.4013
41.9973 -73.4147
41.9973 -73.4196
41.9973 -73.4062
41.9973 -73.3928
41.9973 -73.3798
41.9973 -73.3664
41.9973 -73.353
41.9973 -73.34
41.9973 -73.3266
41.9973 -73.3132
41.9973 -73.3235
41.9973 -73.3342
41.9973 -73.3396
41.9973 -73.353
41.9973 -73.366
41.9973 -73.3794
41.9973 -73.3928
41.9973 -73.4058
41.9973 -73.4192
41.9973 -73.4147
41.9973 -73.4017
41.9973 -73.3883
41.9973 -73.3749
41.9973 -73.3619
41.9973 -73.3485
41.9973 -73.3351
41.9973 -73.3221
41.9973 -73.315
41.9973 -73.3284
41.9973 -73.3414
41.9973 -73.3548
41.9973 -73.3682
41.9973 -73.3812
41.9973 -73.3946
41.9973 -73.408
41.9973 -73.421
41.9973 -73.4129
41.9973 -73.4004
41.9973 -73.3986
41.9973 -73.3852
41.9973 -73.3722
41.9973 -73.3588
41.9973 -73.3454
41.9973 -73.3324
41.9973 -73.319
41.9973 -73.3181
41.9973 -73.3311
41.9973 -73.3445
41.9973 -73.3579
41.9973 -73.3713
41.9973 -73.3843
41.9973 -73.3977
41.9973 -73.4111
41.9973 -73.4232
41.9973 -73.4098
41.9973 -73.4004
41.9973 -73.3959
41.9973 -73.383
41.9973 -73.3695
41.9973 -73.3561
41.9973 -73.3431
41.9973 -73.3297
41.9973 -73.3163
41.9973 -73.3203
41.9973 -73.3337
41.9973 -73.3369
41.9973 -73.3503
41.9973 -73.3637
41.9973 -73.3767
41.9973 -73.3901
41.9973 -73.4035
41.9973 -73.4165
41.9973 -73.4174
41.9973 -73.404
41.9973 -73.391
41.9973 -73.3776
41.9973 -73.3642
41.9973 -73.3512
41.9973 -73.3378
41.9973 -73.3243
41.9973 -73.3123
41.9973 -73.3257
41.9973 -73.3391
41.9973 -73.3525
41.9973 -73.366
41.9973 -73.3789
41.9973 -73.3924
41.9973 -73.4058
41.9973 -73.4188
41.9973 -73.4152
41.9973 -73.4022
41.9973 -73.3888
41.9973 -73.3754
41.9973 -73.3624
41.9973 -73.349
41.9973 -73.3355
41.9973 -73.3226
41.9527 -73.3465
41.9527 -73.3465
41.9527 -73.3465
41.9609 -73.3325
41.9589 -73.3332
41.9569 -73.3349
41.9552 -73.3376
41.9538 -73.3412
41.9528 -73.3453
41.9523 -73.35
41.9523 -73.3548
41.9528 -73.3594
41.9538 -73.3638
41.9551 -73.3677
41.9569 -73.3708
41.9588 -73.3728
41.9609 -73.3738
41.9631 -73.3737
41.965 -73.3725
41.9669 -73.3701
41.9684 -73.3667
41.9694 -73.3627
41.9701 -73.358
41.9702 -73.353
41.9699 -73.3482
41.9691 -73.3435
41.9678 -73.3394
41.9662 -73.3361
41.9643 -73.3339
41.9622 -73.3327
41.9601 -73.3326
41.9581 -73.3337
41.9562 -73.3359
41.9546 -73.339
41.9534 -73.3428
41.9526 -73.3472
41.9523 -73.352
41.9525 -73.3568
41.9531 -73.3613
41.9543 -73.3655
41.9558 -73.3691
41.9577 -73.3718
41.9597 -73.3734
41.9618 -73.3739
41.9639 -73.3733
41.9658 -73.3716
41.9675 -73.3688
41.9689 -73.3651
41.9698 -73.3608
41.9702 -73.356
41.9702 -73.3509
41.9696 -73.3462
41.9686 -73.3417
41.9672 -73.3379
41.9655 -73.3351
41.9635 -73.3333
41.9614 -73.3325
41.9593 -73.3329
41.9573 -73.3345
41.9555 -73.337
41.954 -73.3404
41.953 -73.3445
41.9524 -73.349
41.9523 -73.3538
41.9527 -73.3585
41.9535 -73.363
41.9548 -73.3669
41.9565 -73.3702
41.9584 -73.3724
41.9605 -73.3737
41.9626 -73.3738
41.9646 -73.3728
41.9665 -73.3707
41.9681 -73.3675
41.9692 -73.3636
41.97 -73.359
41.9703 -73.354
41.97 -73.3492
41.9693 -73.3444
41.9681 -73.3402
41.9666 -73.3368
41.9647 -73.3343
41.9627 -73.3328
41.9606 -73.3326
41.9585 -73.3334
41.9566 -73.3353
41.9549 -73.3382
41.9536 -73.3419
41.9527 -73.3463
41.9523 -73.3508
41.9524 -73.3557
41.953 -73.3604
41.954 -73.3646
41.9554 -73.3683
41.9572 -73.3712
41.9592 -73.373
41.9613 -73.3739
41.9634 -73.3736
41.9654 -73.3721
41.9671 -73.3696
41.9686 -73.366
41.9696 -73.3619
41.9702 -73.3571
41.9702 -73.3521
41.9698 -73.3473
41.9689 -73.3427
41.9675 -73.3387
41.9658 -73.3356
41.964 -73.3336
41.9618 -73.3326
41.9598 -73.3327
41.9577 -73.334
41.9559 -73.3364
41.9544 -73.3395
41.9532 -73.3435
41.9525 -73.3481
41.9523 -73.3527
41.9525 -73.3575
41.9533 -73.3621
41.9545 -73.3662
41.9561 -73.3695
41.958 -73.3721
41.96 -73.3735
41.9622 -73.3739
41.9642 -73.3731
41.9661 -73.3712
41.9678 -73.3682
41.969 -73.3645
41.9699 -73.36
41.9702 -73.355
41.9701 -73.3502
41.9695 -73.3454
41.9684 -73.341
41.9669 -73.3375
41.9651 -73.3347
41.9631 -73.333
41.961 -73.3325
41.9589 -73.3331
41.9569 -73.3349
41.9552 -73.3375
41.9538 -73.3411
41.9528 -73.3453
41.9523 -73.3499
41.9523 -73.3547
41.9528 -73.3594
41.9537 -73.3637
41.9551 -73.3676
41.9568 -73.3707
41.9588 -73.3728
41.9609 -73.3738
41.963 -73.3737
41.965 -73.3724
41.9668 -73.3702
41.9683 -73.3668
41.9694 -73.3627
41.9701 -73.3581
41.9703 -73.3531
41.9699 -73.3481
41.9699 -73.3481
41.9699 -73.3481
41.9699 -73.3481
41.9699 -73.3481
41.9699 -73.3481
41.9699 -73.3481
41.9699 -73.3481
41.9699 -73.3481
41.9699 -73.3481
41.9609 -73.3325
41.9589 -73.3332
41.9569 -73.3349
41.9552 -73.3376
41.9538 -73.3412
41.9528 -73.3453
41.9523 -73.35
41.9523 -73.3548
41.9528 -73.3594
41.9538 -73.3638
41.9551 -73.3677
41.9569 -73.3708
41.9588 -73.3728
41.9609 -73.3738
41.9631 -73.3737
41.965 -73.3725
41.9669 -73.3701
41.9684 -73.3667
41.9695 -73.3625
41.9701 -73.358
41.9702 -73.353
41.9699 -73.348
41.9691 -73.3435
41.9678 -73.3394
41.9662 -73.3361
41.9643 -73.3339
41.9622 -73.3327
41.9601 -73.3326
41.9581 -73.3337
41.9562 -73.3359
41.9546 -73.3389
41.9534 -73.3428
41.9526 -73.3472
41.9523 -73.352
41.9524 -73.3567
41.9531 -73.3613
41.9543 -73.3655
41.9558 -73.369
41.9576 -73.3717
41.9597 -73.3734
41.9618 -73.3739
41.9638 -73.3734
41.9658 -73.3716
41.9675 -73.3688
41.9689 -73.3651
41.9698 -73.3608
41.9702 -73.356
41.9702 -73.3509
41.9696 -73.3462
41.9686 -73.3417
41.9672 -73.3379
41.9655 -73.3351
41.9635 -73.3333
41.9613 -73.3325
41.9593 -73.3329
41.9573 -73.3345
41.9555 -73.3371
41.954 -73.3404
41.953 -73.3445
41.9524 -73.3492
41.9523 -73.3538
41.9527 -73.3586
41.9536 -73.3631
41.9549 -73.3671
41.9565 -73.3702
41.9585 -73.3725
41.9606 -73.3737
41.9626 -73.3738
41.9647 -73.3728
41.9666 -73.3706
41.9681 -73.3675
41.9693 -73.3635
41.97 -73.3588
41.9703 -73.354
41.97 -73.349
41.9693 -73.3443
41.9681 -73.3402
41.9665 -73.3367
41.9647 -73.3342
41.9627 -73.3328
41.9605 -73.3326
41.9585 -73.3334
41.9565 -73.3354
41.9549 -73.3383
41.9536 -73.3419
41.9527 -73.3463
41.9523 -73.351
41.9524 -73.3558
41.953 -73.3604
41.954 -73.3647
41.9555 -73.3684
41.9573 -73.3713
41.9592 -73.3731
41.9614 -73.3739
41.9635 -73.3735
41.9654 -73.3721
41.9672 -73.3694
41.9686 -73.3659
41.9696 -73.3616
41.9702 -73.357
41.9702 -73.3519
41.9698 -73.347
41.9689 -73.3426
41.9675 -73.3386
41.9658 -73.3355
41.9638 -73.3335
41.9618 -73.3326
41.9596 -73.3328
41.9576 -73.3341
41.9558 -73.3365
41.9543 -73.3398
41.9531 -73.3438
41.9525 -73.3482
41.9523 -73.353
41.9526 -73.3578
41.9533 -73.3622
41.9546 -73.3663
41.9562 -73.3697
41.9581 -73.3722
41.9601 -73.3736
41.9623 -73.3739
41.9643 -73.373
41.9663 -73.371
41.9678 -73.3681
41.9691 -73.3642
41.9699 -73.3596
41.9703 -73.3549
41.9701 -73.3499
41.9694 -73.345
41.9683 -73.3409
41.9668 -73.3372
41.965 -73.3346
41.963 -73.333
41.9609 -73.3325
41.9588 -73.3332
41.9569 -73.335
41.9551 -73.3377
41.9537 -73.3414
41.9528 -73.3456
41.9523 -73.3502
41.9523 -73.355
41.9528 -73.3597
41.9538 -73.364
41.9552 -73.3678
41.957 -73.3708
41.959 -73.3729
41.961 -73.3738
41.9631 -73.3737
41.9652 -73.3723
41.967 -73.3699
41.9684 -73.3666
41.9695 -73.3624
41.9701 -73.3576
41.9702 -73.3528
41.9699 -73.3478
41.969 -73.3432
41.9678 -73.3392
41.9661 -73.336
41.9642 -73.3337
41.9621 -73.3326
41.96 -73.3327
41.9579 -73.3338
41.9561 -73.336
41.9545 -73.3392
41.9533 -73.3431
41.9525 -73.3474
41.9523 -73.3522
41.9525 -73.357
41.9532 -73.3615
41.9543 -73.3657
41.9559 -73.3692
41.9578 -73.3718
41.9598 -73.3734
41.9619 -73.3739
41.964 -73.3733
41.966 -73.3714
41.9676 -73.3687
41.9689 -73.3649
41.9694 -73.3628
41.9694 -73.3628
41.9694 -73.3628
41.9694 -73.3628
41.9694 -73.3628
41.9694 -73.3628
41.9529 -73.345
41.9527 -73.3459
41.9526 -73.3468
41.9525 -73.3477
41.9524 -73.3487
41.9523 -73.3496
41.9523 -73.3506
41.9523 -73.3515
41.9523 -73.3525
41.9523 -73.3534
41.9523 -73.3544
41.9523 -73.3553
41.9524 -73.3563
41.9525 -73.3572
41.9526 -73.3582
41.9527 -73.3591
41.9529 -73.36
41.9531 -73.3609
41.9532 -73.3618
41.9534 -73.3627
41.9537 -73.3635
41.9539 -73.3643
41.9542 -73.3651
41.9544 -73.3659
41.9547 -73.3666
41.955 -73.3674
41.9553 -73.368
41.9556 -73.3687
41.956 -73.3694
41.9563 -73.3699
41.9567 -73.3705
41.9571 -73.371
41.9574 -73.3715
41.9578 -73.3719
41.9582 -73.3723
41.9586 -73.3727
41.959 -73.373
41.9594 -73.3732
41.9599 -73.3735
41.9603 -73.3737
41.9607 -73.3738
41.9611 -73.3739
41.9616 -73.3739
41.962 -73.3739
41.9624 -73.3739
41.9628 -73.3738
41.9632 -73.3736
41.9637 -73.3734
41.9641 -73.3732
41.9645 -73.3729
41.9649 -73.3726
41.9652 -73.3723
41.9656 -73.3718
41.966 -73.3714
41.9663 -73.3709
41.9667 -73.3704
41.967 -73.3698
41.9673 -73.3692
41.9677 -73.3685
41.9679 -73.3679
41.9682 -73.3671
41.9685 -73.3664
41.9687 -73.3656
41.969 -73.3648
41.9692 -73.364
41.9694 -73.3631
41.9695 -73.3622
41.9697 -73.3613
41.9698 -73.3604
41.97 -73.3594
41.9701 -73.3585
41.9701 -73.3575
41.9702 -73.3565
41.9702 -73.3556
41.9703 -73.3546
41.9703 -73.3535
41.9702 -73.3526
41.9702 -73.3516
41.9701 -73.3506
41.9701 -73.3496
41.97 -73.3486
41.9699 -73.3477
41.9697 -73.3467
41.9696 -73.3458
41.9694 -73.3449
41.9692 -73.344
41.969 -73.3431
41.9688 -73.3422
41.9685 -73.3414
41.9683 -73.3406
41.968 -73.3398
41.9677 -73.3391
41.9674 -73.3384
41.9671 -73.3377
41.9667 -73.3371
41.9664 -73.3365
41.966 -73.3359
41.9657 -73.3354
41.9653 -73.3349
41.9649 -73.3345
41.9645 -73.3341
41.9641 -73.3337
41.9637 -73.3334
41.9633 -73.3332
41.9627 -73.3328
41.9627 -73.3328
41.9627 -73.3328
41.9627 -73.3328
41.9627 -73.3328
41.9436 -73.3118
41.9488 -73.3118
41.9542 -73.3118
41.9595 -73.3118
41.9649 -73.3118
41.9701 -73.3118
41.9755 -73.3118
41.9807 -73.3118
41.9861 -73.3118
41.9915 -73.3118
41.9967 -73.3118
41.9969 -73.3118
41.9924 -73.3118
41.9872 -73.3118
41.9818 -73.3118
41.9764 -73.3118
41.971 -73.3118
41.9658 -73.3118
41.9604 -73.3118
41.955 -73.3118
41.9523 -73.3118
41.9483 -73.3118
41.9436 -73.3118
41.949 -73.3118
41.9542 -73.3118
41.9596 -73.3118
41.965 -73.3118
41.9703 -73.3118
41.9757 -73.3118
41.9809 -73.3118
41.9863 -73.3118
41.9917 -73.3118
41.9969 -73.3118
41.9922 -73.3118
41.9868 -73.3118
41.9814 -73.3118
41.9762 -73.3118
41.9708 -73.3118
41.9654 -73.3118
41.96 -73.3118
41.9548 -73.3118
41.9494 -73.3118
41.944 -73.3118
41.9478 -73.3118
41.9532 -73.3118
41.9586 -73.3118
41.9638 -73.3118
41.9692 -73.3118
41.9744 -73.3118
41.9798 -73.3118
41.9852 -73.3118
41.9906 -73.3118
41.9958 -73.3118
41.9933 -73.3118
41.9881 -73.3118
41.9827 -73.3118
41.9773 -73.3118
41.9719 -73.3118
41.9667 -73.3118
41.9613 -73.3118
41.956 -73.3118
41.9506 -73.3118
41.9452 -73.3118
41.9465 -73.3118
41.9519 -73.3118
41.9573 -73.3118
41.9625 -73.3118
41.9679 -73.3118
41.9733 -73.3118
41.9787 -73.3118
41.9839 -73.3118
41.9883 -73.3118
41.9904 -73.3118
41.9958 -73.3118
41.9935 -73.3118
41.9881 -73.3118
41.9827 -73.3118
41.9773 -73.3118
41.9721 -73.3118
41.9667 -73.3118
41.9613 -73.3118
41.956 -73.3118
41.9506 -73.3118
41.9452 -73.3118
41.9465 -73.3118
41.9519 -73.3118
41.9573 -73.3118
41.9625 -73.3118
41.9679 -73.3118
41.9733 -73.3118
41.9787 -73.3118
41.9839 -73.3118
41.9893 -73.3118
41.9947 -73.3118
41.9946 -73.3118
41.9892 -73.3118
41.9838 -73.3118
41.9789 -73.3118
41.9782 -73.3118
41.9728 -73.3118
41.9674 -73.3118
41.9622 -73.3118
41.9568 -73.3118
41.9514 -73.3118
41.9461 -73.3118
41.9458 -73.3118
41.9512 -73.3118
41.9566 -73.3118
41.9618 -73.3118
41.9672 -73.3118
41.9726 -73.3118
41.9778 -73.3118
41.9832 -73.3118
41.9886 -73.3118
41.9938 -73.3118
41.9969 -73.3118
41.9951 -73.3118
41.9899 -73.3118
41.9845 -73.3118
41.9791 -73.3118
41.9737 -73.3118
41.9685 -73.3118
41.9631 -73.3118
41.9577 -73.3118
41.9523 -73.3118
41.951 -73.3118
41.9458 -73.3118
41.9461 -73.3118
41.9514 -73.3118
41.9568 -73.3118
41.9622 -73.3118
41.9676 -73.3118
41.9728 -73.3118
41.9782 -73.3118
41.9836 -73.3118
41.9888 -73.3118
41.9942 -73.3118
41.9949 -73.3118
41.9897 -73.3118
41.9843 -73.3118
41.9789 -73.3118
41.9735 -73.3118
41.9681 -73.3118
41.9629 -73.3118
41.9575 -73.3118
41.9521 -73.3118
41.9469 -73.3118
41.9451 -73.3118
41.9505 -73.3118
41.9557 -73.3118
41.9611 -73.3118
41.9663 -73.3118
41.9717 -73.3118
41.9771 -73.3118
41.9823 -73.3118
41.9877 -73.3118
41.9931 -73.3118
41.9962 -73.3118
41.9527 -73.3465
41.9527 -73.3465
41.9527 -73.3465
41.9609 -73.3325
41.9589 -73.3332
41.9569 -73.3349
41.9552 -73.3376
41.9538 -73.3412
41.9528 -73.3453
41.9523 -73.35
41.9523 -73.3548
41.9528 -73.3594
41.9538 -73.3638
41.9551 -73.3677
41.9569 -73.3708
41.9588 -73.3728
41.9609 -73.3738
41.9631 -73.3737
41.965 -73.3725
41.9669 -73.3701
41.9684 -73.3667
41.9694 -73.3627
41.9701 -73.358
41.9702 -73.353
41.9699 -73.3482
41.9691 -73.3435
41.9678 -73.3394
41.9662 -73.3361
41.9643 -73.3339
41.9622 -73.3327
41.9601 -73.3326
41.9581 -73.3337
41.9562 -73.3359
41.9546 -73.339
41.9534 -73.3428
41.9526 -73.3472
41.9523 -73.352
41.9525 -73.3568
41.9531 -73.3613
41.9543 -73.3655
41.9558 -73.3691
41.9577 -73.3718
41.9597 -73.3734
41.9618 -73.3739
41.9639 -73.3733
41.9658 -73.3716
41.9675 -73.3688
41.9689 -73.3651
41.9698 -73.3608
41.9702 -73.356
41.9702 -73.3509
41.9696 -73.3462
41.9686 -73.3417
41.9672 -73.3379
41.9655 -73.3351
41.9635 -73.3333
41.9614 -73.3325
41.9593 -73.3329
41.9573 -73.3345
41.9555 -73.337
41.954 -73.3404
41.953 -73.3445
41.9524 -73.349
41.9523 -73.3538
41.9527 -73.3585
41.9535 -73.363
41.9548 -73.3669
41.9565 -73.3702
41.9584 -73.3724
41.9605 -73.3737
41.9626 -73.3738
41.9646 -73.3728
41.9665 -73.3707
41.9681 -73.3675
41.9692 -73.3636
41.97 -73.359
41.9703 -73.354
41.97 -73.3492
41.9693 -73.3444
41.9681 -73.3402
41.9666 -73.3368
41.9647 -73.3343
41.9627 -73.3328
41.9606 -73.3326
41.9585 -73.3334
41.9566 -73.3353
41.9549 -73.3382
41.9536 -73.3419
41.9527 -73.3463
41.9523 -73.3508
41.9524 -73.3557
41.953 -73.3604
41.954 -73.3646
41.9554 -73.3683
41.9572 -73.3712
41.9592 -73.373
41.9613 -73.3739
41.9634 -73.3736
41.9654 -73.3721
41.9671 -73.3696
41.9686 -73.366
41.9696 -73.3619
41.9702 -73.3571
41.9702 -73.3521
41.9698 -73.3473
41.9689 -73.3427
41.9675 -73.3387
41.9658 -73.3356
41.964 -73.3336
41.9618 -73.3326
41.9598 -73.3327
41.9577 -73.334
41.9559 -73.3364
41.9544 -73.3395
41.9532 -73.3435
41.9525 -73.3481
41.9523 -73.3527
41.9525 -73.3575
41.9533 -73.3621
41.9545 -73.3662
41.9561 -73.3695
41.958 -73.3721
41.96 -73.3735
41.9622 -73.3739
41.9642 -73.3731
41.9661 -73.3712
41.9678 -73.3682
41.969 -73.3645
41.9699 -73.36
41.9702 -73.355
41.9701 -73.3502
41.9695 -73.3454
41.9684 -73.341
41.9669 -73.3375
41.9651 -73.3347
41.9631 -73.333
41.961 -73.3325
41.9589 -73.3331
41.9569 -73.3349
41.9552 -73.3375
41.9538 -73.3411
41.9528 -73.3453
41.9523 -73.3499
41.9523 -73.3547
41.9528 -73.3594
41.9537 -73.3637
41.9551 -73.3676
41.9568 -73.3707
41.9588 -73.3728
41.9609 -73.3738
41.963 -73.3737
41.965 -73.3724
41.9668 -73.3702
41.9683 -73.3668
41.9694 -73.3627
41.9701 -73.3581
41.9703 -73.3531
41.9699 -73.3481
41.9699 -73.3481
41.9699 -73.3481
41.9699 -73.3481
41.9699 -73.3481
41.9699 -73.3481
41.9699 -73.3481
41.9699 -73.3481
41.9699 -73.3481
41.9699 -73.3481
41.9609 -73.3325
41.9589 -73.3332
41.9569 -73.3349
41.9552 -73.3376
41.9538 -73.3412
41.9528 -73.3453
41.9523 -73.35
41.9523 -73.3548
41.9528 -73.3594
41.9538 -73.3638
41.9551 -73.3677
41.9569 -73.3708
41.9588 -73.3728
41.9609 -73.3738
41.9631 -73.3737
41.965 -73.3725
41.9669 -73.3701
41.9684 -73.3667
41.9695 -73.3625
41.9701 -73.358
41.9702 -73.353
41.9699 -73.348
41.9691 -73.3435
41.9678 -73.3394
41.9662 -73.3361
41.9643 -73.3339
41.9622 -73.3327
41.9601 -73.3326
41.9581 -73.3337
41.9562 -73.3359
41.9546 -73.3389
41.9534 -73.3428
41.9526 -73.3472
41.9523 -73.352
41.9524 -73.3567
41.9531 -73.3613
41.9543 -73.3655
41.9558 -73.369
41.9576 -73.3717
41.9597 -73.3734
41.9618 -73.3739
41.9638 -73.3734
41.9658 -73.3716
41.9675 -73.3688
41.9689 -73.3651
41.9698 -73.3608
41.9702 -73.356
41.9702 -73.3509
41.9696 -73.3462
41.9686 -73.3417
41.9672 -73.3379
41.9655 -73.3351
41.9635 -73.3333
41.9613 -73.3325
41.9593 -73.3329
41.9573 -73.3345
41.9555 -73.3371
41.954 -73.3404
41.953 -73.3445
41.9524 -73.3492
41.9523 -73.3538
41.9527 -73.3586
41.9536 -73.3631
41.9549 -73.3671
41.9565 -73.3702
41.9585 -73.3725
41.9606 -73.3737
41.9626 -73.3738
41.9647 -73.3728
41.9666 -73.3706
41.9681 -73.3675
41.9693 -73.3635
41.97 -73.3588
41.9703 -73.354
41.97 -73.349
41.9693 -73.3443
41.9681 -73.3402
41.9665 -73.3367
41.9647 -73.3342
41.9627 -73.3328
41.9605 -73.3326
41.9585 -73.3334
41.9565 -73.3354
41.9549 -73.3383
41.9536 -73.3419
41.9527 -73.3463
41.9523 -73.351
41.9524 -73.3558
41.953 -73.3604
41.954 -73.3647
41.9555 -73.3684
41.9573 -73.3713
41.9592 -73.3731
41.9614 -73.3739
41.9635 -73.3735
41.9654 -73.3721
41.9672 -73.3694
41.9686 -73.3659
41.9696 -73.3616
41.9702 -73.357
41.9702 -73.3519
41.9698 -73.347
41.9689 -73.3426
41.9675 -73.3386
41.9658 -73.3355
41.9638 -73.3335
41.9618 -73.3326
41.9596 -73.3328
41.9576 -73.3341
41.9558 -73.3365
41.9543 -73.3398
41.9531 -73.3438
41.9525 -73.3482
41.9523 -73.353
41.9526 -73.3578
41.9533 -73.3622
41.9546 -73.3663
41.9562 -73.3697
41.9581 -73.3722
41.9601 -73.3736
41.9623 -73.3739
41.9643 -73.373
41.9663 -73.371
41.9678 -73.3681
41.9691 -73.3642
41.9699 -73.3596
41.9703 -73.3549
41.9701 -73.3499
41.9694 -73.345
41.9683 -73.3409
41.9668 -73.3372
41.965 -73.3346
41.963 -73.333
41.9609 -73.3325
41.9588 -73.3332
41.9569 -73.335
41.9551 -73.3377
41.9537 -73.3414
41.9528 -73.3456
41.9523 -73.3502
41.9523 -73.355
41.9528 -73.3597
41.9538 -73.364
41.9552 -73.3678
41.957 -73.3708
41.959 -73.3729
41.961 -73.3738
41.9631 -73.3737
41.9652 -73.3723
41.967 -73.3699
41.9684 -73.3666
41.9695 -73.3624
41.9701 -73.3576
41.9702 -73.3528
41.9699 -73.3478
41.969 -73.3432
41.9678 -73.3392
41.9661 -73.336
41.9642 -73.3337
41.9621 -73.3326
41.96 -73.3327
41.9579 -73.3338
41.9561 -73.336
41.9545 -73.3392
41.9533 -73.3431
41.9525 -73.3474
41.9523 -73.3522
41.9525 -73.357
41.9532 -73.3615
41.9543 -73.3657
41.9559 -73.3692
41.9578 -73.3718
41.9598 -73.3734
41.9619 -73.3739
41.964 -73.3733
41.966 -73.3714
41.9676 -73.3687
41.9689 -73.3649
41.9694 -73.3628
41.9694 -73.3628
41.9694 -73.3628
41.9694 -73.3628
41.9694 -73.3628
41.9694 -73.3628
41.9529 -73.345
41.9527 -73.3459
41.9526 -73.3468
41.9525 -73.3477
41.9524 -73.3487
41.9523 -73.3496
41.9523 -73.3506
41.9523 -73.3515
41.9523 -73.3525
41.9523 -73.3534
41.9523 -73.3544
41.9523 -73.3553
41.9524 -73.3563
41.9525 -73.3572
41.9526 -73.3582
41.9527 -73.3591
41.9529 -73.36
41.9531 -73.3609
41.9532 -73.3618
41.9534 -73.3627
41.9537 -73.3635
41.9539 -73.3643
41.9542 -73.3651
41.9544 -73.3659
41.9547 -73.3666
41.955 -73.3674
41.9553 -73.368
41.9556 -73.3687
41.956 -73.3694
41.9563 -73.3699
41.9567 -73.3705
41.9571 -73.371
41.9574 -73.3715
41.9578 -73.3719
41.9582 -73.3723
41.9586 -73.3727
41.959 -73.373
41.9594 -73.3732
41.9599 -73.3735
41.9603 -73.3737
41.9607 -73.3738
41.9611 -73.3739
41.9616 -73.3739
41.962 -73.3739
41.9624 -73.3739
41.9628 -73.3738
41.9632 -73.3736
41.9637 -73.3734
41.9641 -73.3732
41.9645 -73.3729
41.9649 -73.3726
41.9652 -73.3723
41.9656 -73.3718
41.966 -73.3714
41.9663 -73.3709
41.9667 -73.3704
41.967 -73.3698
41.9673 -73.3692
41.9677 -73.3685
41.9679 -73.3679
41.9682 -73.3671
41.9685 -73.3664
41.9687 -73.3656
41.969 -73.3648
41.9692 -73.364
41.9694 -73.3631
41.9695 -73.3622
41.9697 -73.3613
41.9698 -73.3604
41.97 -73.3594
41.9701 -73.3585
41.9701 -73.3575
41.9702 -73.3565
41.9702 -73.3556
41.9703 -73.3546
41.9703 -73.3535
41.9702 -73.3526
41.9702 -73.3516
41.9701 -73.3506
41.9701 -73.3496
41.97 -73.3486
41.9699 -73.3477
41.9697 -73.3467
41.9696 -73.3458
41.9694 -73.3449
41.9692 -73.344
41.969 -73.3431
41.9688 -73.3422
41.9685 -73.3414
41.9683 -73.3406
41.968 -73.3398
41.9677 -73.3391
41.9674 -73.3384
41.9671 -73.3377
41.9667 -73.3371
41.9664 -73.3365
41.966 -73.3359
41.9657 -73.3354
41.9653 -73.3349
41.9649 -73.3345
41.9645 -73.3341
41.9641 -73.3337
41.9637 -73.3334
41.9633 -73.3332
41.9627 -73.3328
41.9627 -73.3328
41.9627 -73.3328
41.9627 -73.3328
41.9627 -73.3328
41.9436 -73.3118
41.9488 -73.3118
41.9542 -73.3118
41.9595 -73.3118
41.9649 -73.3118
41.9701 -73.3118
41.9755 -73.3118
41.9807 -73.3118
41.9861 -73.3118
41.9915 -73.3118
41.9967 -73.3118
41.9969 -73.3118
41.9924 -73.3118
41.9872 -73.3118
41.9818 -73.3118
41.9764 -73.3118
41.971 -73.3118
41.9658 -73.3118
41.9699 -73.4023
41.9699 -73.4023
41.9699 -73.4023
41.9616 -73.4153
41.9637 -73.415
41.9656 -73.4136
41.9674 -73.411
41.9687 -73.4076
41.9697 -73.4033
41.9702 -73.3986
41.9702 -73.3937
41.9697 -73.3887
41.9688 -73.3843
41.9674 -73.3802
41.9656 -73.3771
41.9636 -73.3749
41.9616 -73.374
41.9595 -73.3741
41.9575 -73.3753
41.9557 -73.3776
41.9542 -73.3809
41.953 -73.3849
41.9524 -73.3892
41.9523 -73.394
41.9526 -73.3989
41.9534 -73.4033
41.9548 -73.4076
41.9563 -73.4109
41.9583 -73.4135
41.9604 -73.415
41.9624 -73.4153
41.9645 -73.4146
41.9664 -73.4126
41.968 -73.4096
41.9692 -73.4058
41.97 -73.4014
41.9703 -73.3965
41.97 -73.3914
41.9693 -73.3867
41.9682 -73.3824
41.9666 -73.3787
41.9648 -73.3761
41.9628 -73.3744
41.9606 -73.3739
41.9586 -73.3745
41.9566 -73.3762
41.9549 -73.379
41.9536 -73.3824
41.9527 -73.3867
41.9523 -73.3914
41.9524 -73.396
41.9529 -73.4008
41.9539 -73.4052
41.9553 -73.409
41.9571 -73.4121
41.9591 -73.4142
41.9612 -73.4153
41.9633 -73.4152
41.9653 -73.4139
41.9671 -73.4115
41.9685 -73.4083
41.9696 -73.4041
41.9701 -73.3995
41.9702 -73.3946
41.9698 -73.3896
41.969 -73.385
41.9676 -73.3809
41.966 -73.3777
41.9641 -73.3753
41.962 -73.3741
41.9598 -73.374
41.9578 -73.375
41.956 -73.3771
41.9544 -73.3802
41.9532 -73.3841
41.9525 -73.3884
41.9523 -73.3932
41.9525 -73.3979
41.9533 -73.4026
41.9545 -73.4068
41.956 -73.4104
41.9579 -73.413
41.9599 -73.4148
41.9621 -73.4153
41.9641 -73.4148
41.966 -73.4131
41.9677 -73.4103
41.969 -73.4067
41.9699 -73.4023
41.9702 -73.3975
41.9701 -73.3926
41.9695 -73.3877
41.9685 -73.3832
41.967 -73.3795
41.9652 -73.3765
41.9632 -73.3746
41.9611 -73.3739
41.959 -73.3743
41.957 -73.3758
41.9553 -73.3782
41.9539 -73.3817
41.9529 -73.3858
41.9523 -73.3902
41.9523 -73.3951
41.9528 -73.3998
41.9537 -73.4044
41.955 -73.4083
41.9567 -73.4115
41.9587 -73.4139
41.9607 -73.4151
41.9629 -73.4153
41.9649 -73.4142
41.9668 -73.4121
41.9683 -73.409
41.9694 -73.405
41.9701 -73.4004
41.9703 -73.3956
41.9699 -73.3906
41.9692 -73.3859
41.9679 -73.3817
41.9663 -73.3782
41.9644 -73.3756
41.9624 -73.3742
41.9603 -73.3739
41.9582 -73.3748
41.9563 -73.3766
41.9547 -73.3795
41.9534 -73.3833
41.9526 -73.3876
41.9523 -73.3922
41.9524 -73.3971
41.9531 -73.4018
41.9542 -73.4061
41.9557 -73.4097
41.9575 -73.4126
41.9596 -73.4146
41.9616 -73.4153
41.9638 -73.415
41.9657 -73.4135
41.9674 -73.4109
41.9688 -73.4074
41.9697 -73.4031
41.9702 -73.3985
41.9702 -73.3935
41.9697 -73.3885
41.9687 -73.3839
41.9673 -73.3801
41.9656 -73.377
41.9636 -73.3749
41.9615 -73.3739
41.9594 -73.3741
41.9573 -73.3754
41.9556 -73.3777
41.9541 -73.381
41.953 -73.385
41.9524 -73.3894
41.9523 -73.3942
41.9526 -73.3987
41.9526 -73.3987
41.9526 -73.3987
41.9526 -73.3987
41.9526 -73.3987
41.9526 -73.3987
41.9526 -73.3987
41.9526 -73.3987
41.9526 -73.3987
41.9526 -73.3987
41.9617 -73.4153
41.9637 -73.415
41.9657 -73.4135
41.9674 -73.4109
41.9688 -73.4075
41.9697 -73.4032
41.9702 -73.3986
41.9702 -73.3935
41.9697 -73.3886
41.9687 -73.3841
41.9673 -73.3801
41.9656 -73.377
41.9636 -73.3749
41.9615 -73.3739
41.9594 -73.3741
41.9574 -73.3754
41.9556 -73.3777
41.9541 -73.381
41.953 -73.385
41.9524 -73.3894
41.9523 -73.3942
41.9526 -73.399
41.9535 -73.4034
41.9548 -73.4076
41.9564 -73.411
41.9583 -73.4135
41.9604 -73.415
41.9625 -73.4153
41.9646 -73.4145
41.9664 -73.4126
41.968 -73.4096
41.9692 -73.4058
41.97 -73.4012
41.9703 -73.3965
41.97 -73.3914
41.9693 -73.3866
41.9682 -73.3824
41.9666 -73.3787
41.9648 -73.376
41.9628 -73.3744
41.9606 -73.3739
41.9585 -73.3745
41.9566 -73.3762
41.9549 -73.379
41.9536 -73.3826
41.9527 -73.3868
41.9523 -73.3914
41.9524 -73.3962
41.9529 -73.4009
41.954 -73.4054
41.9554 -73.4091
41.9572 -73.4122
41.9592 -73.4143
41.9613 -73.4153
41.9634 -73.4151
41.9654 -73.4138
41.9672 -73.4114
41.9686 -73.408
41.9696 -73.404
41.9702 -73.3992
41.9702 -73.3942
41.9698 -73.3894
41.9689 -73.3847
41.9675 -73.3806
41.9659 -73.3775
41.9639 -73.3752
41.9618 -73.374
41.9598 -73.374
41.9577 -73.3751
41.9558 -73.3773
41.9543 -73.3804
41.9532 -73.3843
41.9525 -73.3887
41.9523 -73.3933
41.9525 -73.3982
41.9533 -73.4028
41.9546 -73.407
41.9561 -73.4105
41.958 -73.4132
41.9601 -73.4148
41.9621 -73.4153
41.9642 -73.4147
41.9662 -73.413
41.9678 -73.4101
41.969 -73.4065
41.9699 -73.402
41.9702 -73.3972
41.9701 -73.3923
41.9695 -73.3874
41.9684 -73.3829
41.9669 -73.3793
41.9651 -73.3764
41.9631 -73.3745
41.961 -73.3739
41.9589 -73.3743
41.9569 -73.3759
41.9552 -73.3785
41.9538 -73.3819
41.9528 -73.386
41.9523 -73.3907
41.9523 -73.3954
41.9528 -73.4001
41.9538 -73.4047
41.9552 -73.4086
41.9569 -73.4118
41.9588 -73.414
41.961 -73.4152
41.9631 -73.4152
41.9651 -73.4141
41.9669 -73.4119
41.9684 -73.4086
41.9695 -73.4047
41.9701 -73.4001
41.9702 -73.3951
41.9699 -73.3902
41.9691 -73.3855
41.9678 -73.3813
41.9662 -73.378
41.9643 -73.3755
41.9622 -73.3741
41.96 -73.3739
41.958 -73.3748
41.9561 -73.3769
41.9545 -73.3799
41.9533 -73.3837
41.9526 -73.3879
41.9523 -73.3927
41.9525 -73.3975
41.9532 -73.4021
41.9543 -73.4064
41.9559 -73.41
41.9577 -73.4129
41.9597 -73.4146
41.9618 -73.4153
41.964 -73.4149
41.9659 -73.4133
41.9676 -73.4106
41.9689 -73.407
41.9698 -73.4027
41.9702 -73.398
41.9702 -73.393
41.9696 -73.3881
41.9686 -73.3837
41.9671 -73.3798
41.9654 -73.3767
41.9634 -73.3748
41.9613 -73.3739
41.9592 -73.3742
41.9572 -73.3755
41.9554 -73.378
41.954 -73.3814
41.9529 -73.3855
41.9524 -73.39
41.9523 -73.3947
41.9527 -73.3995
41.9536 -73.4041
41.955 -73.4081
41.9566 -73.4113
41.9586 -73.4138
41.9607 -73.4151
41.9627 -73.4153
41.9648 -73.4144
41.9667 -73.4123
41.9682 -73.4091
41.9693 -73.4053
41.97 -73.4007
41.9703 -73.3958
41.97 -73.3909
41.9692 -73.3861
41.968 -73.3818
41.9664 -73.3784
41.9646 -73.3758
41.9625 -73.3742
41.9604 -73.3739
41.9583 -73.3746
41.9564 -73.3765
41.9547 -73.3794
41.9535 -73.383
41.9531 -73.3847
41.9531 -73.3847
41.9531 -73.3847
41.9531 -73.3847
41.9531 -73.3847
41.9889 -73.3477
41.9887 -73.3486
41.9886 -73.3496
41.9885 -73.3506
41.9884 -73.3516
41.9884 -73.3526
41.9883 -73.3536
41.9883 -73.3547
41.9883 -73.3557
41.9883 -73.3568
41.9883 -73.3578
41.9884 -73.3588
41.9884 -73.3598
41.9885 -73.3608
41.9886 -73.3619
41.9888 -73.3629
41.9889 -73.3638
41.9891 -73.3648
41.9893 -73.3658
41.9895 -73.3667
41.9897 -73.3676
41.9899 -73.3685
41.9902 -73.3694
41.9904 -73.3702
41.9907 -73.371
41.991 -73.3718
41.9913 -73.3726
41.9917 -73.3733
41.992 -73.374
41.9923 -73.3746
41.9927 -73.3752
41.9931 -73.3758
41.9935 -73.3763
41.9938 -73.3767
41.9942 -73.3772
41.9946 -73.3776
41.9951 -73.3779
41.9955 -73.3782
41.9959 -73.3784
41.9963 -73.3787
41.9967 -73.3788
41.9972 -73.3789
41.9976 -73.379
41.998 -73.379
41.9984 -73.3789
41.9988 -73.3788
41.9993 -73.3787
41.9997 -73.3785
42.0001 -73.3782
42.0005 -73.3779
42.0009 -73.3776
42.0013 -73.3772
42.0016 -73.3768
42.002 -73.3763
42.0024 -73.3758
42.0027 -73.3752
42.003 -73.3746
42.0033 -73.3739
42.0037 -73.3732
42.004 -73.3725
42.0042 -73.3717
42.0045 -73.3709
42.0047 -73.37
42.005 -73.3692
42.0052 -73.3683
42.0054 -73.3673
42.0055 -73.3664
42.0057 -73.3654
42.0058 -73.3644
42.006 -73.3634
42.0061 -73.3623
42.0061 -73.3613
42.0062 -73.3602
42.0062 -73.3592
42.0063 -73.3581
42.0063 -73.357
42.0063 -73.356
42.0062 -73.3549
42.0062 -73.3538
42.0061 -73.3528
42.006 -73.3517
42.0059 -73.3506
42.0057 -73.3496
42.0056 -73.3486
42.0054 -73.3476
42.0052 -73.3466
42.005 -73.3457
42.0048 -73.3448
42.0045 -73.3438
42.0043 -73.343
42.004 -73.3422
42.0037 -73.3413
42.0034 -73.3406
42.0031 -73.3398
42.0027 -73.3391
42.0024 -73.3385
42.002 -73.3379
42.0017 -73.3373
42.0013 -73.3368
42.0009 -73.3363
42.0005 -73.3359
42.0001 -73.3355
41.9997 -73.3352
41.9993 -73.3349
41.9987 -73.3345
41.9987 -73.3345
41.9987 -73.3345
41.9987 -73.3345
41.9987 -73.3345
41.9613 -73.3127
41.9613 -73.3246
41.9613 -73.3371
41.9613 -73.3491
41.9613 -73.3615
41.9613 -73.3735
41.9613 -73.3859
41.9613 -73.3979
41.9613 -73.4103
41.9613 -73.4082
41.9613 -73.3958
41.9613 -73.3937
41.9613 -73.3834
41.9613 -73.3714
41.9613 -73.359
41.9613 -73.3466
41.9613 -73.3346
41.9613 -73.3222
41.9613 -73.3139
41.9613 -73.3259
41.9613 -73.3325
41.9613 -73.3416
41.9613 -73.354
41.9613 -73.366
41.9613 -73.3784
41.9613 -73.3909
41.9613 -73.4029
41.9613 -73.4153
41.9613 -73.4029
41.9613 -73.3909
41.9613 -73.3784
41.9613 -73.366
41.9613 -73.354
41.9613 -73.3416
41.9613 -73.3292
41.9613 -73.3172
41.9613 -73.3188
41.9613 -73.3313
41.9613 -73.3433
41.9613 -73.3557
41.9613 -73.3681
41.9613 -73.3801
41.9613 -73.3925
41.9613 -73.4049
41.9613 -73.4136
41.9613 -73.4012
41.9613 -73.3888
41.9613 -73.3764
41.9613 -73.3644
41.9613 -73.352
41.9613 -73.3395
41.9613 -73.3275
41.9613 -73.3151
41.9613 -73.3205
41.9613 -73.3329
41.9613 -73.3453
41.9613 -73.3573
41.9613 -73.3698
41.9613 -73.3822
41.9613 -73.3942
41.9613 -73.4066
41.9516 -73.4409
41.9518 -73.44
41.9519 -73.4391
41.952 -73.4383
41.9521 -73.4373
41.9522 -73.4364
41.9522 -73.4355
41.9522 -73.4345
41.9523 -73.4336
41.9522 -73.4326
41.9522 -73.4317
41.9522 -73.4307
41.9521 -73.4297
41.952 -73.4288
41.9519 -73.4278
41.9518 -73.4269
41.9516 -73.426
41.9514 -73.425
41.9513 -73.4242
41.951 -73.4232
41.9508 -73.4224
41.9506 -73.4216
41.9503 -73.4207
41.9501 -73.4199
41.9498 -73.4192
41.9495 -73.4184
41.9492 -73.4177
41.9488 -73.4171
41.9485 -73.4164
41.9481 -73.4158
41.9478 -73.4152
41.9474 -73.4147
41.947 -73.4142
41.9466 -73.4137
41.9462 -73.4133
41.9459 -73.4129
41.9454 -73.4126
41.945 -73.4123
41.9446 -73.412
41.9442 -73.4119
41.9438 -73.4117
41.9433 -73.4116
41.9429 -73.4115
41.9425 -73.4115
41.9421 -73.4115
41.9417 -73.4116
41.9412 -73.4117
41.9408 -73.4118
41.9404 -73.412
41.94 -73.4123
41.9396 -73.4125
41.9392 -73.4128
41.9389 -73.4132
41.9385 -73.4136
41.9381 -73.4141
41.9378 -73.4146
41.9375 -73.4151
41.9371 -73.4156
41.9368 -73.4162
41.9365 -73.4168
41.9363 -73.4174
41.936 -73.4182
41.9358 -73.4189
41.9355 -73.4196
41.9353 -73.4203
41.9351 -73.4211
41.935 -73.4219
41.9348 -73.4228
41.9347 -73.4236
41.9346 -73.4245
41.9345 -73.4253
41.9344 -73.4262
41.9343 -73.4271
41.9343 -73.428
41.9343 -73.429
41.9343 -73.4299
41.9343 -73.4308
41.9343 -73.4318
41.9344 -73.4326
41.9345 -73.4336
41.9346 -73.4345
41.9347 -73.4354
41.9348 -73.4363
41.935 -73.4372
41.9351 -73.4381
41.9353 -73.439
41.9355 -73.4398
41.9358 -73.4407
41.936 -73.4415
41.9363 -73.4423
41.9366 -73.4431
41.9368 -73.4438
41.9371 -73.4446
41.9375 -73.4453
41.9378 -73.4459
41.9381 -73.4466
41.9385 -73.4472
41.9389 -73.4478
41.9392 -73.4483
41.9396 -73.4488
41.94 -73.4492
41.9404 -73.4497
41.9408 -73.45
41.9412 -73.4504
41.9418 -73.4508
41.9418 -73.4508
41.9418 -73.4508
41.9418 -73.4508
41.9418 -73.4508
41.9433 -73.5105
41.9433 -73.5101
41.9433 -73.5101
41.9433 -73.5101
41.9433 -73.5097
41.9433 -73.5097
41.9433 -73.5093
41.9433 -73.5093
41.9433 -73.5097
41.9433 -73.5097
41.9433 -73.5097
41.9433 -73.5101
41.9433 -73.5101
41.9433 -73.5101
41.9433 -73.5101
41.9433 -73.5105
41.9433 -73.5105
41.9433 -73.5105
41.9433 -73.5109
41.9433 -73.5109
41.9433 -73.5093
41.9433 -73.5109
41.9433 -73.5105
41.9433 -73.5105
41.9433 -73.5105
41.9433 -73.5101
41.9433 -73.5101
41.9433 -73.5101
41.9433 -73.5097
41.9433 -73.5097
41.9433 -73.5097
41.9433 -73.5093
41.9433 -73.5093
41.9433 -73.5093
41.9433 -73.5097
41.9433 -73.5097
41.9433 -73.5097
41.9433 -73.5101
41.9433 -73.5101
41.9433 -73.5101
41.9433 -73.5105
41.9433 -73.5105
41.9433 -73.5105
41.9433 -73.5109
41.9433 -73.5109
41.9433 -73.5109
41.9433 -73.5113
41.9433 -73.5113
41.9433 -73.5113
41.9433 -73.5109
41.9433 -73.5109
41.9433 -73.5109
41.9433 -73.5105
41.9433 -73.5105
41.9433 -73.5105
41.9433 -73.5101
41.9433 -73.5101
41.9433 -73.5101
41.9433 -73.5097
41.9433 -73.5097
41.9433 -73.5097
41.9696 -73.4037
41.9698 -73.4028
41.9699 -73.4019
41.97 -73.4009
41.9701 -73.4
41.9702 -73.399
41.9702 -73.3981
41.9703 -73.3971
41.9703 -73.3961
41.9702 -73.3951
41.9702 -73.3941
41.9702 -73.3931
41.9701 -73.3921
41.97 -73.3911
41.9699 -73.3901
41.9698 -73.3892
41.9696 -73.3882
41.9694 -73.3873
41.9693 -73.3864
41.9691 -73.3854
41.9688 -73.3846
41.9686 -73.3837
41.9683 -73.3829
41.9681 -73.3821
41.9678 -73.3813
41.9675 -73.3806
41.9672 -73.3798
41.9669 -73.3792
41.9665 -73.3785
41.9662 -73.3779
41.9658 -73.3773
41.9654 -73.3768
41.965 -73.3763
41.9647 -73.3759
41.9643 -73.3755
41.9639 -73.3751
41.9635 -73.3748
41.963 -73.3745
41.9626 -73.3743
41.9622 -73.3741
41.9618 -73.374
41.9614 -73.3739
41.9609 -73.3739
41.9605 -73.3739
41.9601 -73.3739
41.9597 -73.374
41.9593 -73.3741
41.9588 -73.3743
41.9584 -73.3746
41.958 -73.3748
41.9576 -73.3752
41.9573 -73.3755
41.9569 -73.3759
41.9565 -73.3764
41.9562 -73.3768
41.9558 -73.3774
41.9555 -73.3779
41.9552 -73.3785
41.9549 -73.3792
41.9546 -73.3798
41.9543 -73.3805
41.954 -73.3812
41.9538 -73.382
41.9536 -73.3828
41.9533 -73.3835
41.9531 -73.3844
41.953 -73.3852
41.9528 -73.3861
41.9527 -73.387
41.9526 -73.3879
41.9525 -73.3888
41.9524 -73.3897
41.9523 -73.3907
41.9523 -73.3916
41.9523 -73.3925
41.9523 -73.3935
41.9523 -73.3945
41.9523 -73.3954
41.9524 -73.3964
41.9525 -73.3973
41.9526 -73.3983
41.9527 -73.3992
41.9528 -73.4002
41.953 -73.4011
41.9531 -73.402
41.9533 -73.4029
41.9535 -73.4037
41.9538 -73.4046
41.954 -73.4055
41.9543 -73.4063
41.9545 -73.407
41.9548 -73.4078
41.9551 -73.4085
41.9555 -73.4092
41.9558 -73.4099
41.9561 -73.4105
41.9565 -73.4111
41.9569 -73.4117
41.9572 -73.4122
41.9576 -73.4127
41.958 -73.4132
41.9584 -73.4136
41.9588 -73.414
41.9592 -73.4143
41.9599 -73.4147
41.9599 -73.4147
41.9599 -73.4147
41.9599 -73.4147
41.9599 -73.4147
41.9433 -73.4124
41.9433 -73.4243
41.9433 -73.4359
41.9433 -73.4479
41.9433 -73.4594
41.9433 -73.4714
41.9433 -73.4834
41.9433 -73.4949
41.9433 -73.5069
41.9433 -73.5041
41.9433 -73.4922
41.9433 -73.4905
41.9433 -73.4802
41.9433 -73.4686
41.9433 -73.4567
41.9433 -73.4447
41.9433 -73.4331
41.9433 -73.4211
41.9433 -73.414
41.9433 -73.4255
41.9433 -73.4315
41.9433 -73.4407
41.9433 -73.4523
41.9433 -73.4642
41.9433 -73.4762
41.9433 -73.4878
41.9433 -73.4997
41.9433 -73.5109
41.9433 -73.4993
41.9433 -73.4874
41.9433 -73.4754
41.9433 -73.4638
41.9433 -73.4518
41.9433 -73.4399
41.9433 -73.4283
41.9433 -73.4164
41.9433 -73.4183
41.9433 -73.4303
41.9433 -73.4423
41.9433 -73.4543
41.9433 -73.4658
41.9433 -73.4778
41.9433 -73.4897
41.9433 -73.5013
41.9433 -73.5093
41.9433 -73.4973
41.9433 -73.4858
41.9433 -73.4738
41.9433 -73.4618
41.9433 -73.4503
41.9433 -73.4383
41.9433 -73.4263
41.9433 -73.4148
41.9433 -73.4203
41.9433 -73.4323
41.9433 -73.4439
41.9433 -73.4558
41.9433 -73.4678
41.9433 -73.4794
41.9433 -73.4914
41.9433 -73.5033
41.9433 -73.5077
42.0417 -73.4205
42.0418 -73.4194
42.0419 -73.4184
42.042 -73.4172
42.0421 -73.4161
42.0422 -73.415
42.0422 -73.4138
42.0423 -73.4127
42.0423 -73.4115
42.0423 -73.4103
42.0422 -73.4091
42.0422 -73.408
42.0421 -73.4068
42.042 -73.4056
42.0419 -73.4044
42.0418 -73.4033
42.0416 -73.4022
42.0415 -73.4011
42.0413 -73.4
42.0411 -73.3989
42.0409 -73.3978
42.0406 -73.3968
42.0404 -73.3958
42.0401 -73.3948
42.0398 -73.3939
42.0395 -73.393
42.0392 -73.3922
42.0389 -73.3914
42.0385 -73.3906
42.0382 -73.3899
42.0378 -73.3892
42.0375 -73.3885
42.0371 -73.388
42.0367 -73.3874
42.0363 -73.3869
42.0359 -73.3865
42.0355 -73.3861
42.0351 -73.3858
42.0346 -73.3855
42.0342 -73.3853
42.0338 -73.3851
42.0334 -73.385
42.0329 -73.3849
42.0325 -73.3849
42.0321 -73.3849
42.0317 -73.3851
42.0313 -73.3852
42.0309 -73.3854
42.0304 -73.3857
42.03 -73.386
42.0297 -73.3864
42.0293 -73.3868
42.0289 -73.3872
42.0285 -73.3877
42.0282 -73.3883
42.0278 -73.3889
42.0275 -73.3896
42.0272 -73.3902
42.0269 -73.391
42.0266 -73.3917
42.0263 -73.3925
42.026 -73.3934
42.0258 -73.3943
42.0256 -73.3951
42.0254 -73.3961
42.0252 -73.3971
42.025 -73.3981
42.0248 -73.3991
42.0247 -73.4001
42.0246 -73.4012
42.0245 -73.4022
42.0244 -73.4033
42.0243 -73.4044
42.0243 -73.4055
42.0243 -73.4067
42.0243 -73.4078
42.0243 -73.4089
42.0243 -73.41
42.0244 -73.4112
42.0245 -73.4123
42.0246 -73.4134
42.0247 -73.4145
42.0248 -73.4156
42.025 -73.4167
42.0252 -73.4178
42.0254 -73.4188
42.0256 -73.4199
42.0258 -73.4208
42.026 -73.4218
42.0263 -73.4228
42.0266 -73.4238
42.0269 -73.4247
42.0272 -73.4255
42.0275 -73.4264
42.0278 -73.4272
42.0282 -73.4279
42.0285 -73.4287
42.0289 -73.4294
42.0293 -73.43
42.0297 -73.4306
42.03 -73.4312
42.0305 -73.4316
42.0308 -73.4321
42.0313 -73.4325
42.0319 -73.433
42.0319 -73.433
42.0319 -73.433
42.0319 -73.433
42.0319 -73.433
41.9438 -73.5115
41.949 -73.5136
41.9544 -73.5158
41.9596 -73.518
41.965 -73.5203
41.9703 -73.5226
41.9757 -73.5251
41.9811 -73.5276
41.9863 -73.5301
41.9917 -73.5327
41.9971 -73.5354
41.9969 -73.5353
41.992 -73.5329
41.9866 -73.5302
41.9814 -73.5277
41.976 -73.5252
41.9706 -73.5228
41.9654 -73.5205
41.96 -73.5182
41.9548 -73.516
41.9523 -73.5149
41.9479 -73.5132
41.944 -73.5116
41.9492 -73.5137
41.9546 -73.5159
41.96 -73.5182
41.9654 -73.5205
41.9706 -73.5228
41.976 -73.5252
41.9814 -73.5277
41.9868 -73.5303
41.9922 -73.533
41.9971 -73.5354
41.9917 -73.5327
41.9863 -73.5301
41.9811 -73.5276
41.9757 -73.5251
41.9703 -73.5226
41.965 -73.5203
41.9596 -73.518
41.9542 -73.5157
41.949 -73.5136
41.9436 -73.5114
41.9483 -73.5133
41.9535 -73.5154
41.9589 -73.5177
41.9643 -73.52
41.9697 -73.5224
41.9749 -73.5247
41.9803 -73.5273
41.9857 -73.5298
41.991 -73.5323
41.9964 -73.535
41.9928 -73.5332
41.9875 -73.5307
41.9821 -73.5281
41.9767 -73.5256
41.9715 -73.5232
41.9661 -73.5208
41.9607 -73.5185
41.9555 -73.5163
41.9501 -73.514
41.9516 -73.4409
41.9518 -73.44
41.9519 -73.4391
41.952 -73.4383
41.9521 -73.4373
41.9522 -73.4364
41.9522 -73.4355
41.9522 -73.4345
41.9523 -73.4336
41.9522 -73.4326
41.9522 -73.4317
41.9522 -73.4307
41.9521 -73.4297
41.952 -73.4288
41.9519 -73.4278
41.9518 -73.4269
41.9516 -73.426
41.9514 -73.425
41.9513 -73.4242
41.951 -73.4232
41.9508 -73.4224
41.9506 -73.4216
41.9503 -73.4207
41.9501 -73.4199
41.9498 -73.4192
41.9495 -73.4184
41.9492 -73.4177
41.9488 -73.4171
41.9485 -73.4164
41.9481 -73.4158
41.9478 -73.4152
41.9474 -73.4147
41.947 -73.4142
41.9466 -73.4137
41.9462 -73.4133
41.9459 -73.4129
41.9454 -73.4126
41.945 -73.4123
41.9446 -73.412
41.9442 -73.4119
41.9438 -73.4117
41.9433 -73.4116
41.9429 -73.4115
41.9425 -73.4115
41.9421 -73.4115
41.9417 -73.4116
41.9412 -73.4117
41.9408 -73.4118
41.9404 -73.412
41.94 -73.4123
41.9396 -73.4125
41.9392 -73.4128
41.9389 -73.4132
41.9385 -73.4136
41.9381 -73.4141
41.9378 -73.4146
41.9375 -73.4151
41.9371 -73.4156
41.9368 -73.4162
41.9365 -73.4168
41.9363 -73.4174
41.936 -73.4182
41.9358 -73.4189
41.9355 -73.4196
41.9353 -73.4203
41.9351 -73.4211
41.935 -73.4219
41.9348 -73.4228
41.9347 -73.4236
41.9346 -73.4245
41.9345 -73.4253
41.9344 -73.4262
41.9343 -73.4271
41.9343 -73.428
41.9343 -73.429
41.9343 -73.4299
41.9343 -73.4308
41.9343 -73.4318
41.9344 -73.4326
41.9345 -73.4336
41.9346 -73.4345
41.9347 -73.4354
41.9348 -73.4363
41.935 -73.4372
41.9351 -73.4381
41.9353 -73.439
41.9355 -73.4398
41.9358 -73.4407
41.936 -73.4415
41.9363 -73.4423
41.9366 -73.4431
41.9368 -73.4438
41.9371 -73.4446
41.9375 -73.4453
41.9378 -73.4459
41.9381 -73.4466
41.9385 -73.4472
41.9389 -73.4478
41.9392 -73.4483
41.9396 -73.4488
41.94 -73.4492
41.9404 -73.4497
41.9408 -73.45
41.9412 -73.4504
41.9418 -73.4508
41.9418 -73.4508
41.9418 -73.4508
41.9418 -73.4508
41.9418 -73.4508
41.9433 -73.5105
41.9433 -73.5101
41.9433 -73.5101
41.9433 -73.5101
41.9433 -73.5097
41.9433 -73.5097
41.9433 -73.5093
41.9433 -73.5093
41.9433 -73.5097
41.9433 -73.5097
41.9433 -73.5097
41.9433 -73.5101
41.9433 -73.5101
41.9433 -73.5101
41.9433 -73.5101
41.9433 -73.5105
41.9433 -73.5105
41.9433 -73.5105
41.9433 -73.5109
41.9433 -73.5109
41.9433 -73.5093
41.9433 -73.5109
41.9433 -73.5105
41.9433 -73.5105
41.9433 -73.5105
41.9433 -73.5101
41.9433 -73.5101
41.9433 -73.5101
41.9433 -73.5097
41.9433 -73.5097
41.9433 -73.5097
41.9433 -73.5093
41.9433 -73.5093
41.9433 -73.5093
41.9433 -73.5097
41.9433 -73.5097
41.9433 -73.5097
41.9433 -73.5101
41.9433 -73.5101
41.9433 -73.5101
41.9433 -73.5105
41.9433 -73.5105
41.9433 -73.5105
41.9433 -73.5109
41.9433 -73.5109
41.9433 -73.5109
41.9433 -73.5113
41.9433 -73.5113
41.9433 -73.5113
41.9433 -73.5109
41.9433 -73.5109
41.9433 -73.5109
41.9433 -73.5105
41.9433 -73.5105
41.9433 -73.5105
41.9433 -73.5101
41.9433 -73.5101
41.9433 -73.5101
41.9433 -73.5097
41.9433 -73.5097
41.9433 -73.5097
41.9696 -73.4037
41.9698 -73.4028
41.9699 -73.4019
41.97 -73.4009
41.9701 -73.4
41.9702 -73.399
41.9702 -73.3981
41.9703 -73.3971
41.9703 -73.3961
41.9702 -73.3951
41.9702 -73.3941
41.9702 -73.3931
41.9701 -73.3921
41.97 -73.3911
41.9699 -73.3901
41.9698 -73.3892
41.9696 -73.3882
41.9694 -73.3873
41.9693 -73.3864
41.9691 -73.3854
41.9688 -73.3846
41.9686 -73.3837
41.9683 -73.3829
41.9681 -73.3821
41.9678 -73.3813
41.9675 -73.3806
41.9672 -73.3798
41.9669 -73.3792
41.9665 -73.3785
41.9662 -73.3779
41.9658 -73.3773
41.9654 -73.3768
41.965 -73.3763
41.9647 -73.3759
41.9643 -73.3755
41.9639 -73.3751
41.9635 -73.3748
41.963 -73.3745
41.9626 -73.3743
41.9622 -73.3741
41.9618 -73.374
41.9614 -73.3739
41.9609 -73.3739
41.9605 -73.3739
41.9601 -73.3739
41.9597 -73.374
41.9593 -73.3741
41.9588 -73.3743
41.9584 -73.3746
41.958 -73.3748
41.9576 -73.3752
41.9573 -73.3755
41.9569 -73.3759
41.9565 -73.3764
41.9562 -73.3768
41.9558 -73.3774
41.9555 -73.3779
41.9552 -73.3785
41.9549 -73.3792
41.9546 -73.3798
41.9543 -73.3805
41.954 -73.3812
41.9538 -73.382
41.9536 -73.3828
41.9533 -73.3835
41.9531 -73.3844
41.953 -73.3852
41.9528 -73.3861
41.9527 -73.387
41.9526 -73.3879
41.9525 -73.3888
41.9524 -73.3897
41.9523 -73.3907
41.9523 -73.3916
41.9523 -73.3925
41.9523 -73.3935
41.9523 -73.3945
41.9523 -73.3954
41.9524 -73.3964
41.9525 -73.3973
41.9526 -73.3983
41.9527 -73.3992
41.9528 -73.4002
41.953 -73.4011
41.9531 -73.402
41.9533 -73.4029
41.9535 -73.4037
41.9538 -73.4046
41.954 -73.4055
41.9543 -73.4063
41.9545 -73.407
41.9548 -73.4078
41.9551 -73.4085
41.9555 -73.4092
41.9558 -73.4099
41.9561 -73.4105
41.9565 -73.4111
41.9569 -73.4117
41.9572 -73.4122
41.9576 -73.4127
41.958 -73.4132
41.9584 -73.4136
41.9588 -73.414
41.9592 -73.4143
41.9599 -73.4147
41.9599 -73.4147
41.9599 -73.4147
41.9599 -73.4147
41.9599 -73.4147
41.9433 -73.4124
41.9433 -73.4243
41.9433 -73.4359
41.9433 -73.4479
41.9433 -73.4594
41.9433 -73.4714
41.9433 -73.4834
41.9433 -73.4949
41.9433 -73.5069
41.9433 -73.5041
41.9433 -73.4922
41.9433 -73.4905
41.9433 -73.4802
41.9433 -73.4686
41.9433 -73.4567
41.9433 -73.4447
41.9433 -73.4331
41.9433 -73.4211
41.9433 -73.414
41.9433 -73.4255
41.9433 -73.4315
41.9433 -73.4407
41.9433 -73.4523
41.9433 -73.4642
41.9433 -73.4762
41.9433 -73.4878
41.9433 -73.4997
41.9433 -73.5109
41.9433 -73.4993
41.9433 -73.4874
41.9433 -73.4754
41.9433 -73.4638
41.9433 -73.4518
41.9433 -73.4399
41.9433 -73.4283
41.9433 -73.4164
41.9433 -73.4183
41.9433 -73.4303
41.9433 -73.4423
41.9433 -73.4543
41.9433 -73.4658
41.9433 -73.4778
41.9433 -73.4897
41.9433 -73.5013
41.9433 -73.5093
41.9433 -73.4973
41.9433 -73.4858
41.9433 -73.4738
41.9433 -73.4618
41.9433 -73.4503
41.9433 -73.4383
41.9433 -73.4263
41.9433 -73.4148
41.9433 -73.4203
41.9433 -73.4323
41.9433 -73.4439
41.9433 -73.4558
41.9433 -73.4678
41.9433 -73.4794
41.9433 -73.4914
41.9433 -73.5033
41.9433 -73.5077
41.9433 -73.4957
41.9433 -73.4838
41.9433 -73.4722
41.9433 -73.4602
41.9433 -73.4483
41.9433 -73.4367
41.9433 -73.4247
41.9433 -73.4128
41.9433 -73.4219
41.9433 -73.4315
41.9433 -73.4363
41.9433 -73.4483
41.9433 -73.4598
41.9433 -73.4718
41.9433 -73.4834
41.9433 -73.4954
41.9433 -73.5073
41.9433 -73.5033
41.9433 -73.4918
41.9433 -73.4798
41.9433 -73.4678
41.9433 -73.4558
41.9433 -73.4443
41.9433 -73.4323
41.9433 -73.4207
41.9433 -73.4144
41.9433 -73.4263
41.9433 -73.4379
41.9433 -73.4499
41.9433 -73.4618
41.9433 -73.4734
41.9433 -73.4854
41.9433 -73.4973
41.9433 -73.5089
41.9433 -73.5017
41.9433 -73.4905
41.9433 -73.489
41.9433 -73.4774
41.9433 -73.4654
41.9433 -73.4535
41.9433 -73.4415
41.9433 -73.4299
41.9349 -73.3831
41.9347 -73.384
41.9346 -73.3849
41.9345 -73.3857
41.9344 -73.3866
41.9343 -73.3875
41.9343 -73.3885
41.9343 -73.3893
41.9342 -73.3903
41.9343 -73.3912
41.9343 -73.3922
41.9343 -73.3931
41.9344 -73.394
41.9345 -73.3949
41.9346 -73.3958
41.9347 -73.3967
41.9349 -73.3976
41.9351 -73.3985
41.9352 -73.3994
41.9354 -73.4002
41.9357 -73.401
41.9359 -73.4019
41.9362 -73.4026
41.9364 -73.4034
41.9367 -73.4041
41.937 -73.4048
41.9373 -73.4055
41.9377 -73.4062
41.938 -73.4068
41.9383 -73.4074
41.9387 -73.408
41.9391 -73.4085
41.9394 -73.409
41.9398 -73.4094
41.9402 -73.4098
41.9406 -73.4102
41.9411 -73.4105
41.9415 -73.4108
41.9419 -73.4111
41.9423 -73.4113
41.9427 -73.4114
41.9432 -73.4116
41.9436 -73.4116
41.944 -73.4117
41.9444 -73.4116
41.9448 -73.4116
41.9453 -73.4115
41.9457 -73.4113
41.9461 -73.4111
41.9465 -73.4109
41.9469 -73.4106
41.9473 -73.4103
41.9476 -73.4099
41.948 -73.4095
41.9483 -73.4091
41.9487 -73.4085
41.949 -73.408
41.9493 -73.4075
41.9497 -73.4069
41.9499 -73.4062
41.9502 -73.4055
41.9505 -73.4048
41.9507 -73.4041
41.951 -73.4034
41.9512 -73.4026
41.9514 -73.4017
41.9515 -73.4009
41.9517 -73.4001
41.9518 -73.3992
41.952 -73.3983
41.952 -73.3974
41.9521 -73.3964
41.9522 -73.3955
41.9522 -73.3945
41.9523 -73.3936
41.9523 -73.3926
41.9522 -73.3917
41.9522 -73.3907
41.9521 -73.3898
41.9521 -73.3888
41.952 -73.3879
41.9518 -73.3869
41.9517 -73.386
41.9515 -73.3851
41.9514 -73.3842
41.9512 -73.3833
41.951 -73.3824
41.9507 -73.3816
41.9505 -73.3808
41.9502 -73.38
41.95 -73.3792
41.9497 -73.3785
41.9494 -73.3778
41.9491 -73.3771
41.9487 -73.3765
41.9484 -73.3759
41.948 -73.3753
41.9477 -73.3748
41.9473 -73.3743
41.9469 -73.3738
41.9465 -73.3734
41.9461 -73.373
41.9457 -73.3727
41.9453 -73.3724
41.9447 -73.3721
41.9447 -73.3721
41.9447 -73.3721
41.9447 -73.3721
41.9447 -73.3721
41.9436 -73.4116
41.949 -73.4127
41.9542 -73.4138
41.9596 -73.4149
41.9649 -73.416
41.9703 -73.4172
41.9755 -73.4184
41.9809 -73.4197
41.9863 -73.421
41.9917 -73.4223
41.9969 -73.4236
41.9969 -73.4236
41.9922 -73.4224
41.9868 -73.4211
41.9816 -73.4198
41.9762 -73.4186
41.9708 -73.4174
41.9656 -73.4162
41.9602 -73.415
41.9548 -73.4139
41.9523 -73.4134
41.9481 -73.4125
41.9438 -73.4117
41.9492 -73.4128
41.9544 -73.4138
41.9598 -73.4149
41.9652 -73.4161
41.9704 -73.4173
41.9758 -73.4185
41.9812 -73.4197
41.9866 -73.421
41.9919 -73.4223
41.9973 -73.4237
41.9919 -73.4223
41.9866 -73.421
41.9812 -73.4197
41.9758 -73.4185
41.9706 -73.4173
41.9652 -73.4161
41.9598 -73.4149
41.9544 -73.4138
41.9492 -73.4128
41.9438 -73.4117
41.9481 -73.4125
41.9533 -73.4136
41.9587 -73.4147
41.9641 -73.4159
41.9695 -73.4171
41.9749 -73.4183
41.9802 -73.4195
41.9856 -73.4208
41.991 -73.4221
41.9962 -73.4234
41.9929 -73.4226
41.9875 -73.4213
41.9823 -73.42
41.9769 -73.4187
41.9715 -73.4175
41.9663 -73.4164
41.9609 -73.4152
41.9555 -73.4141
41.9501 -73.4129
41.9449 -73.4119
41.947 -73.4123
41.9524 -73.4134
41.9578 -73.4146
41.9631 -73.4156
41.9685 -73.4168
41.9737 -73.418
41.9791 -73.4193
41.9845 -73.4205
41.9883 -73.4214
41.991 -73.4221
41.9962 -73.4234
41.9929 -73.4226
41.9875 -73.4213
41.9823 -73.42
41.9769 -73.4187
41.9715 -73.4175
41.9661 -73.4163
41.9609 -73.4152
41.9555 -73.4141
41.9501 -73.4129
41.9447 -73.4119
41.947 -73.4123
41.9524 -73.4134
41.9577 -73.4145
41.9631 -73.4156
41.9685 -73.4168
41.9739 -73.418
41.9791 -73.4193
41.9845 -73.4205
41.9899 -73.4218
41.9951 -73.4231
41.994 -73.4229
41.9886 -73.4215
41.9832 -73.4202
41.9789 -73.4192
41.9775 -73.4189
41.9722 -73.4177
41.9668 -73.4165
41.9614 -73.4153
41.9562 -73.4142
41.9508 -73.4131
41.9454 -73.412
41.9463 -73.4122
41.9517 -73.4133
41.9571 -73.4144
41.9623 -73.4155
41.9677 -73.4167
41.9731 -73.4179
41.9784 -73.4191
41.9838 -73.4203
41.9892 -73.4216
41.9946 -73.423
