	(HOPDATA , 0 , dtn://v001)
	(GEODATA , 0 , (41.9519 , -73.3584))
	(GEODATA , 0 , (41.9519 , -73.3584))
	(GEODATA , 0 , (41.9519 , -73.3584))
	(GEODATA , 0 , (41.9436 , -73.3717))
	(GEODATA , 0 , (41.9457 , -73.3712))
	(GEODATA , 0 , (41.9476 , -73.3696))
	(GEODATA , 0 , (41.9493 , -73.3671))
	(GEODATA , 0 , (41.9507 , -73.3636))
	(GEODATA , 0 , (41.9517 , -73.3596))
	(GEODATA , 0 , (41.9522 , -73.3549))
	(GEODATA , 0 , (41.9522 , -73.3501))
	(GEODATA , 0 , (41.9517 , -73.3455))
	(GEODATA , 0 , (41.9508 , -73.3411))
	(GEODATA , 0 , (41.9494 , -73.3374))
	(GEODATA , 0 , (41.9476 , -73.3345))
	(GEODATA , 0 , (41.9457 , -73.3326))
	(GEODATA , 0 , (41.9436 , -73.3318))
	(GEODATA , 0 , (41.9415 , -73.3321))
	(GEODATA , 0 , (41.9395 , -73.3334))
	(GEODATA , 0 , (41.9377 , -73.3358))
	(GEODATA , 0 , (41.9362 , -73.339))
	(GEODATA , 0 , (41.9351 , -73.3429))
	(GEODATA , 0 , (41.9344 , -73.3473))
	(GEODATA , 0 , (41.9343 , -73.3518))
	(GEODATA , 0 , (41.9346 , -73.3564))
	(GEODATA , 0 , (41.9354 , -73.3608))
	(GEODATA , 0 , (41.9366 , -73.3646))
	(GEODATA , 0 , (41.9383 , -73.3678))
	(GEODATA , 0 , (41.9402 , -73.3701))
	(GEODATA , 0 , (41.9423 , -73.3715))
	(GEODATA , 0 , (41.9444 , -73.3716))
	(GEODATA , 0 , (41.9464 , -73.3708))
	(GEODATA , 0 , (41.9483 , -73.3688))
	(GEODATA , 0 , (41.95 , -73.3658))
	(GEODATA , 0 , (41.9511 , -73.3621))
	(GEODATA , 0 , (41.9519 , -73.3577))
	(GEODATA , 0 , (41.9523 , -73.3529))
	(GEODATA , 0 , (41.9521 , -73.3483))
	(GEODATA , 0 , (41.9514 , -73.3436))
	(GEODATA , 0 , (41.9502 , -73.3395))
	(GEODATA , 0 , (41.9487 , -73.3361))
	(GEODATA , 0 , (41.9468 , -73.3336))
	(GEODATA , 0 , (41.9448 , -73.3322))
	(GEODATA , 0 , (41.9427 , -73.3318))
	(GEODATA , 0 , (41.9407 , -73.3325))
	(GEODATA , 0 , (41.9387 , -73.3343))
	(GEODATA , 0 , (41.937 , -73.3371))
	(GEODATA , 0 , (41.9357 , -73.3405))
	(GEODATA , 0 , (41.9347 , -73.3447))
	(GEODATA , 0 , (41.9343 , -73.3492))
	(GEODATA , 0 , (41.9343 , -73.3537))
	(GEODATA , 0 , (41.9349 , -73.3583))
	(GEODATA , 0 , (41.9359 , -73.3624))
	(GEODATA , 0 , (41.9373 , -73.366))
	(GEODATA , 0 , (41.939 , -73.3689))
	(GEODATA , 0 , (41.941 , -73.3708))
	(GEODATA , 0 , (41.9431 , -73.3716))
	(GEODATA , 0 , (41.9452 , -73.3714))
	(GEODATA , 0 , (41.9472 , -73.3701))
	(GEODATA , 0 , (41.949 , -73.3677))
	(GEODATA , 0 , (41.9505 , -73.3644))
	(GEODATA , 0 , (41.9515 , -73.3603))
	(GEODATA , 0 , (41.9521 , -73.3559))
	(GEODATA , 0 , (41.9522 , -73.3511))
	(GEODATA , 0 , (41.9519 , -73.3464))
	(GEODATA , 0 , (41.951 , -73.342))
	(GEODATA , 0 , (41.9497 , -73.3381))
	(GEODATA , 0 , (41.948 , -73.335))
	(GEODATA , 0 , (41.9461 , -73.3329))
	(GEODATA , 0 , (41.944 , -73.3319))
	(GEODATA , 0 , (41.9419 , -73.332))
	(GEODATA , 0 , (41.9399 , -73.3331))
	(GEODATA , 0 , (41.938 , -73.3353))
	(GEODATA , 0 , (41.9364 , -73.3384))
	(GEODATA , 0 , (41.9353 , -73.342))
	(GEODATA , 0 , (41.9345 , -73.3464))
	(GEODATA , 0 , (41.9342 , -73.3508))
	(GEODATA , 0 , (41.9345 , -73.3555))
	(GEODATA , 0 , (41.9352 , -73.36))
	(GEODATA , 0 , (41.9364 , -73.3638))
	(GEODATA , 0 , (41.9379 , -73.3672))
	(GEODATA , 0 , (41.9398 , -73.3698))
	(GEODATA , 0 , (41.9418 , -73.3712))
	(GEODATA , 0 , (41.9439 , -73.3717))
	(GEODATA , 0 , (41.946 , -73.371))
	(GEODATA , 0 , (41.9479 , -73.3693))
	(GEODATA , 0 , (41.9496 , -73.3665))
	(GEODATA , 0 , (41.9509 , -73.3629))
	(GEODATA , 0 , (41.9518 , -73.3586))
	(GEODATA , 0 , (41.9522 , -73.3541))
	(GEODATA , 0 , (41.9521 , -73.3492))
	(GEODATA , 0 , (41.9516 , -73.3445))
	(GEODATA , 0 , (41.9505 , -73.3404))
	(GEODATA , 0 , (41.9491 , -73.3368))
	(GEODATA , 0 , (41.9473 , -73.3341))
	(GEODATA , 0 , (41.9453 , -73.3324))
	(GEODATA , 0 , (41.9432 , -73.3318))
	(GEODATA , 0 , (41.9411 , -73.3323))
	(GEODATA , 0 , (41.9391 , -73.3338))
	(GEODATA , 0 , (41.9374 , -73.3364))
	(GEODATA , 0 , (41.936 , -73.3396))
	(GEODATA , 0 , (41.9349 , -73.3437))
	(GEODATA , 0 , (41.9343 , -73.3481))
	(GEODATA , 0 , (41.9343 , -73.3526))
	(GEODATA , 0 , (41.9347 , -73.3572))
	(GEODATA , 0 , (41.9356 , -73.3615))
	(GEODATA , 0 , (41.937 , -73.3653))
	(GEODATA , 0 , (41.9386 , -73.3683))
	(GEODATA , 0 , (41.9406 , -73.3705))
	(GEODATA , 0 , (41.9427 , -73.3716))
	(GEODATA , 0 , (41.9447 , -73.3716))
	(GEODATA , 0 , (41.9468 , -73.3705))
	(GEODATA , 0 , (41.9487 , -73.3683))
	(GEODATA , 0 , (41.9502 , -73.3653))
	(GEODATA , 0 , (41.9513 , -73.3613))
	(GEODATA , 0 , (41.952 , -73.3568))
	(GEODATA , 0 , (41.9523 , -73.3522))
	(GEODATA , 0 , (41.952 , -73.3474))
	(GEODATA , 0 , (41.9512 , -73.3428))
	(GEODATA , 0 , (41.95 , -73.3388))
	(GEODATA , 0 , (41.9484 , -73.3356))
	(GEODATA , 0 , (41.9465 , -73.3333))
	(GEODATA , 0 , (41.9445 , -73.332))
	(GEODATA , 0 , (41.9424 , -73.3318))
	(GEODATA , 0 , (41.9403 , -73.3328))
	(GEODATA , 0 , (41.9384 , -73.3347))
	(GEODATA , 0 , (41.9368 , -73.3376))
	(GEODATA , 0 , (41.9355 , -73.3412))
	(GEODATA , 0 , (41.9346 , -73.3455))
	(GEODATA , 0 , (41.9343 , -73.3499))
	(GEODATA , 0 , (41.9344 , -73.3546))
	(GEODATA , 0 , (41.935 , -73.3591))
	(GEODATA , 0 , (41.9361 , -73.3631))
	(GEODATA , 0 , (41.9376 , -73.3666))
	(GEODATA , 0 , (41.9394 , -73.3693))
	(GEODATA , 0 , (41.9414 , -73.371))
	(GEODATA , 0 , (41.9435 , -73.3717))
	(GEODATA , 0 , (41.9456 , -73.3712))
	(GEODATA , 0 , (41.9475 , -73.3698))
	(GEODATA , 0 , (41.9493 , -73.3672))
	(GEODATA , 0 , (41.9507 , -73.3637))
	(GEODATA , 0 , (41.9517 , -73.3595))
	(GEODATA , 0 , (41.9522 , -73.355))
	(GEODATA , 0 , (41.9522 , -73.3502))
	(GEODATA , 0 , (41.9517 , -73.3455))
	(GEODATA , 0 , (41.9507 , -73.3411))
	(GEODATA , 0 , (41.9494 , -73.3375))
	(GEODATA , 0 , (41.9477 , -73.3345))
	(GEODATA , 0 , (41.9457 , -73.3326))
	(GEODATA , 0 , (41.9436 , -73.3318))
	(GEODATA , 0 , (41.9415 , -73.3321))
	(GEODATA , 0 , (41.9395 , -73.3335))
	(GEODATA , 0 , (41.9377 , -73.3358))
	(GEODATA , 0 , (41.9362 , -73.339))
	(GEODATA , 0 , (41.9351 , -73.3428))
	(GEODATA , 0 , (41.9344 , -73.3472))
	(GEODATA , 0 , (41.9343 , -73.3518))
	(GEODATA , 0 , (41.9346 , -73.3563))
	(GEODATA , 0 , (41.9346 , -73.3565))
	(GEODATA , 0 , (41.9346 , -73.3565))
	(GEODATA , 0 , (41.9346 , -73.3565))
	(GEODATA , 0 , (41.9346 , -73.3565))
	(GEODATA , 0 , (41.9346 , -73.3565))
	(GEODATA , 0 , (41.9346 , -73.3565))
	(GEODATA , 0 , (41.9346 , -73.3565))
	(GEODATA , 0 , (41.9346 , -73.3565))
	(GEODATA , 0 , (41.9346 , -73.3565))
	(GEODATA , 0 , (41.9436 , -73.3717))
	(GEODATA , 0 , (41.9457 , -73.3712))
	(GEODATA , 0 , (41.9476 , -73.3696))
	(GEODATA , 0 , (41.9493 , -73.3671))
	(GEODATA , 0 , (41.9507 , -73.3636))
	(GEODATA , 0 , (41.9517 , -73.3594))
	(GEODATA , 0 , (41.9522 , -73.3549))
	(GEODATA , 0 , (41.9522 , -73.3501))
	(GEODATA , 0 , (41.9517 , -73.3455))
	(GEODATA , 0 , (41.9508 , -73.3411))
	(GEODATA , 0 , (41.9494 , -73.3374))
	(GEODATA , 0 , (41.9476 , -73.3345))
	(GEODATA , 0 , (41.9457 , -73.3326))
	(GEODATA , 0 , (41.9436 , -73.3318))
	(GEODATA , 0 , (41.9415 , -73.3321))
	(GEODATA , 0 , (41.9395 , -73.3334))
	(GEODATA , 0 , (41.9377 , -73.3358))
	(GEODATA , 0 , (41.9361 , -73.3391))
	(GEODATA , 0 , (41.9351 , -73.3429))
	(GEODATA , 0 , (41.9344 , -73.3473))
	(GEODATA , 0 , (41.9343 , -73.3519))
	(GEODATA , 0 , (41.9346 , -73.3564))
	(GEODATA , 0 , (41.9354 , -73.3608))
	(GEODATA , 0 , (41.9367 , -73.3647))
	(GEODATA , 0 , (41.9383 , -73.3678))
	(GEODATA , 0 , (41.9402 , -73.3701))
	(GEODATA , 0 , (41.9423 , -73.3715))
	(GEODATA , 0 , (41.9444 , -73.3716))
	(GEODATA , 0 , (41.9464 , -73.3708))
	(GEODATA , 0 , (41.9483 , -73.3688))
	(GEODATA , 0 , (41.95 , -73.3658))
	(GEODATA , 0 , (41.9511 , -73.3621))
	(GEODATA , 0 , (41.9519 , -73.3577))
	(GEODATA , 0 , (41.9523 , -73.3529))
	(GEODATA , 0 , (41.9521 , -73.3483))
	(GEODATA , 0 , (41.9514 , -73.3436))
	(GEODATA , 0 , (41.9502 , -73.3395))
	(GEODATA , 0 , (41.9487 , -73.3361))
	(GEODATA , 0 , (41.9469 , -73.3336))
	(GEODATA , 0 , (41.9448 , -73.3322))
	(GEODATA , 0 , (41.9427 , -73.3318))
	(GEODATA , 0 , (41.9407 , -73.3325))
	(GEODATA , 0 , (41.9387 , -73.3343))
	(GEODATA , 0 , (41.937 , -73.3371))
	(GEODATA , 0 , (41.9357 , -73.3405))
	(GEODATA , 0 , (41.9347 , -73.3447))
	(GEODATA , 0 , (41.9343 , -73.3492))
	(GEODATA , 0 , (41.9343 , -73.3537))
	(GEODATA , 0 , (41.9349 , -73.3583))
	(GEODATA , 0 , (41.9359 , -73.3625))
	(GEODATA , 0 , (41.9373 , -73.366))
	(GEODATA , 0 , (41.939 , -73.3689))
	(GEODATA , 0 , (41.941 , -73.3708))
	(GEODATA , 0 , (41.9432 , -73.3716))
	(GEODATA , 0 , (41.9452 , -73.3714))
	(GEODATA , 0 , (41.9473 , -73.3701))
	(GEODATA , 0 , (41.9491 , -73.3676))
	(GEODATA , 0 , (41.9505 , -73.3644))
	(GEODATA , 0 , (41.9515 , -73.3603))
	(GEODATA , 0 , (41.9521 , -73.3557))
	(GEODATA , 0 , (41.9522 , -73.3511))
	(GEODATA , 0 , (41.9518 , -73.3463))
	(GEODATA , 0 , (41.951 , -73.3418))
	(GEODATA , 0 , (41.9496 , -73.338))
	(GEODATA , 0 , (41.948 , -73.335))
	(GEODATA , 0 , (41.9461 , -73.3329))
	(GEODATA , 0 , (41.944 , -73.3319))
	(GEODATA , 0 , (41.9419 , -73.332))
	(GEODATA , 0 , (41.9398 , -73.3331))
	(GEODATA , 0 , (41.938 , -73.3353))
	(GEODATA , 0 , (41.9364 , -73.3384))
	(GEODATA , 0 , (41.9352 , -73.3422))
	(GEODATA , 0 , (41.9345 , -73.3464))
	(GEODATA , 0 , (41.9342 , -73.351))
	(GEODATA , 0 , (41.9345 , -73.3557))
	(GEODATA , 0 , (41.9352 , -73.36))
	(GEODATA , 0 , (41.9364 , -73.364))
	(GEODATA , 0 , (41.938 , -73.3673))
	(GEODATA , 0 , (41.9398 , -73.3698))
	(GEODATA , 0 , (41.9419 , -73.3713))
	(GEODATA , 0 , (41.944 , -73.3717))
	(GEODATA , 0 , (41.946 , -73.371))
	(GEODATA , 0 , (41.948 , -73.3693))
	(GEODATA , 0 , (41.9497 , -73.3665))
	(GEODATA , 0 , (41.951 , -73.3628))
	(GEODATA , 0 , (41.9518 , -73.3586))
	(GEODATA , 0 , (41.9522 , -73.3539))
	(GEODATA , 0 , (41.9521 , -73.3491))
	(GEODATA , 0 , (41.9516 , -73.3445))
	(GEODATA , 0 , (41.9505 , -73.3403))
	(GEODATA , 0 , (41.949 , -73.3367))
	(GEODATA , 0 , (41.9472 , -73.334))
	(GEODATA , 0 , (41.9453 , -73.3324))
	(GEODATA , 0 , (41.9431 , -73.3318))
	(GEODATA , 0 , (41.941 , -73.3323))
	(GEODATA , 0 , (41.9391 , -73.3339))
	(GEODATA , 0 , (41.9373 , -73.3365))
	(GEODATA , 0 , (41.9359 , -73.3399))
	(GEODATA , 0 , (41.9349 , -73.3438))
	(GEODATA , 0 , (41.9343 , -73.3483))
	(GEODATA , 0 , (41.9343 , -73.3529))
	(GEODATA , 0 , (41.9347 , -73.3574))
	(GEODATA , 0 , (41.9357 , -73.3617))
	(GEODATA , 0 , (41.937 , -73.3654))
	(GEODATA , 0 , (41.9387 , -73.3685))
	(GEODATA , 0 , (41.9406 , -73.3705))
	(GEODATA , 0 , (41.9427 , -73.3716))
	(GEODATA , 0 , (41.9449 , -73.3715))
	(GEODATA , 0 , (41.9469 , -73.3704))
	(GEODATA , 0 , (41.9487 , -73.3682))
	(GEODATA , 0 , (41.9502 , -73.365))
	(GEODATA , 0 , (41.9514 , -73.3611))
	(GEODATA , 0 , (41.9521 , -73.3567))
	(GEODATA , 0 , (41.9523 , -73.3519))
	(GEODATA , 0 , (41.9519 , -73.3471))
	(GEODATA , 0 , (41.9512 , -73.3427))
	(GEODATA , 0 , (41.9499 , -73.3386))
	(GEODATA , 0 , (41.9483 , -73.3354))
	(GEODATA , 0 , (41.9464 , -73.3332))
	(GEODATA , 0 , (41.9444 , -73.332))
	(GEODATA , 0 , (41.9422 , -73.3318))
	(GEODATA , 0 , (41.9402 , -73.3329))
	(GEODATA , 0 , (41.9382 , -73.3349))
	(GEODATA , 0 , (41.9367 , -73.3378))
	(GEODATA , 0 , (41.9354 , -73.3415))
	(GEODATA , 0 , (41.9346 , -73.3458))
	(GEODATA , 0 , (41.9343 , -73.3502))
	(GEODATA , 0 , (41.9344 , -73.3549))
	(GEODATA , 0 , (41.9351 , -73.3594))
	(GEODATA , 0 , (41.9362 , -73.3633))
	(GEODATA , 0 , (41.9377 , -73.3668))
	(GEODATA , 0 , (41.9395 , -73.3694))
	(GEODATA , 0 , (41.9415 , -73.3711))
	(GEODATA , 0 , (41.9436 , -73.3717))
	(GEODATA , 0 , (41.9457 , -73.3712))
	(GEODATA , 0 , (41.9477 , -73.3696))
	(GEODATA , 0 , (41.9494 , -73.367))
	(GEODATA , 0 , (41.9508 , -73.3635))
	(GEODATA , 0 , (41.9517 , -73.3592))
	(GEODATA , 0 , (41.9522 , -73.3547))
	(GEODATA , 0 , (41.9522 , -73.3499))
	(GEODATA , 0 , (41.9517 , -73.3452))
	(GEODATA , 0 , (41.9507 , -73.3408))
	(GEODATA , 0 , (41.9493 , -73.3372))
	(GEODATA , 0 , (41.9475 , -73.3344))
	(GEODATA , 0 , (41.9456 , -73.3325))
	(GEODATA , 0 , (41.9435 , -73.3318))
	(GEODATA , 0 , (41.9414 , -73.3322))
	(GEODATA , 0 , (41.9393 , -73.3336))
	(GEODATA , 0 , (41.9376 , -73.3359))
	(GEODATA , 0 , (41.9361 , -73.3392))
	(GEODATA , 0 , (41.935 , -73.3432))
	(GEODATA , 0 , (41.9344 , -73.3475))
	(GEODATA , 0 , (41.9343 , -73.3521))
	(GEODATA , 0 , (41.9346 , -73.3568))
	(GEODATA , 0 , (41.9355 , -73.361))
	(GEODATA , 0 , (41.9368 , -73.3649))
	(GEODATA , 0 , (41.9384 , -73.368))
	(GEODATA , 0 , (41.9403 , -73.3703))
	(GEODATA , 0 , (41.9424 , -73.3715))
	(GEODATA , 0 , (41.9445 , -73.3716))
	(GEODATA , 0 , (41.9466 , -73.3706))
	(GEODATA , 0 , (41.9485 , -73.3686))
	(GEODATA , 0 , (41.95 , -73.3656))
	(GEODATA , 0 , (41.9512 , -73.3618))
	(GEODATA , 0 , (41.952 , -73.3573))
	(GEODATA , 0 , (41.9523 , -73.3525))
	(GEODATA , 0 , (41.952 , -73.3479))
	(GEODATA , 0 , (41.9513 , -73.3433))
	(GEODATA , 0 , (41.9501 , -73.3392))
	(GEODATA , 0 , (41.9486 , -73.3359))
	(GEODATA , 0 , (41.9467 , -73.3335))
	(GEODATA , 0 , (41.9447 , -73.3321))
	(GEODATA , 0 , (41.9426 , -73.3318))
	(GEODATA , 0 , (41.9405 , -73.3326))
	(GEODATA , 0 , (41.9386 , -73.3345))
	(GEODATA , 0 , (41.9369 , -73.3373))
	(GEODATA , 0 , (41.9356 , -73.3408))
	(GEODATA , 0 , (41.9351 , -73.3428))
	(GEODATA , 0 , (41.9351 , -73.3428))
	(GEODATA , 0 , (41.9351 , -73.3428))
	(GEODATA , 0 , (41.9351 , -73.3428))
	(GEODATA , 0 , (41.9351 , -73.3428))
	(GEODATA , 0 , (41.9351 , -73.3428))
	(GEODATA , 0 , (41.9516 , -73.3598))
	(GEODATA , 0 , (41.9518 , -73.359))
	(GEODATA , 0 , (41.9519 , -73.3581))
	(GEODATA , 0 , (41.952 , -73.3571))
	(GEODATA , 0 , (41.9521 , -73.3562))
	(GEODATA , 0 , (41.9522 , -73.3553))
	(GEODATA , 0 , (41.9522 , -73.3543))
	(GEODATA , 0 , (41.9522 , -73.3534))
	(GEODATA , 0 , (41.9523 , -73.3524))
	(GEODATA , 0 , (41.9522 , -73.3515))
	(GEODATA , 0 , (41.9522 , -73.3505))
	(GEODATA , 0 , (41.9522 , -73.3496))
	(GEODATA , 0 , (41.9521 , -73.3486))
	(GEODATA , 0 , (41.952 , -73.3477))
	(GEODATA , 0 , (41.9519 , -73.3467))
	(GEODATA , 0 , (41.9518 , -73.3458))
	(GEODATA , 0 , (41.9516 , -73.3449))
	(GEODATA , 0 , (41.9515 , -73.344))
	(GEODATA , 0 , (41.9513 , -73.3431))
	(GEODATA , 0 , (41.9511 , -73.3423))
	(GEODATA , 0 , (41.9508 , -73.3415))
	(GEODATA , 0 , (41.9506 , -73.3406))
	(GEODATA , 0 , (41.9504 , -73.3398))
	(GEODATA , 0 , (41.9501 , -73.3391))
	(GEODATA , 0 , (41.9498 , -73.3384))
	(GEODATA , 0 , (41.9495 , -73.3377))
	(GEODATA , 0 , (41.9492 , -73.337))
	(GEODATA , 0 , (41.9489 , -73.3364))
	(GEODATA , 0 , (41.9485 , -73.3358))
	(GEODATA , 0 , (41.9482 , -73.3353))
	(GEODATA , 0 , (41.9478 , -73.3347))
	(GEODATA , 0 , (41.9475 , -73.3343))
	(GEODATA , 0 , (41.9471 , -73.3338))
	(GEODATA , 0 , (41.9467 , -73.3334))
	(GEODATA , 0 , (41.9463 , -73.3331))
	(GEODATA , 0 , (41.9459 , -73.3328))
	(GEODATA , 0 , (41.9455 , -73.3325))
	(GEODATA , 0 , (41.9451 , -73.3322))
	(GEODATA , 0 , (41.9446 , -73.3321))
	(GEODATA , 0 , (41.9442 , -73.3319))
	(GEODATA , 0 , (41.9438 , -73.3318))
	(GEODATA , 0 , (41.9434 , -73.3318))
	(GEODATA , 0 , (41.943 , -73.3318))
	(GEODATA , 0 , (41.9425 , -73.3318))
	(GEODATA , 0 , (41.9421 , -73.3319))
	(GEODATA , 0 , (41.9417 , -73.332))
	(GEODATA , 0 , (41.9413 , -73.3322))
	(GEODATA , 0 , (41.9409 , -73.3324))
	(GEODATA , 0 , (41.9404 , -73.3326))
	(GEODATA , 0 , (41.94 , -73.3329))
	(GEODATA , 0 , (41.9397 , -73.3333))
	(GEODATA , 0 , (41.9393 , -73.3337))
	(GEODATA , 0 , (41.9389 , -73.3341))
	(GEODATA , 0 , (41.9385 , -73.3345))
	(GEODATA , 0 , (41.9382 , -73.335))
	(GEODATA , 0 , (41.9378 , -73.3355))
	(GEODATA , 0 , (41.9375 , -73.3361))
	(GEODATA , 0 , (41.9372 , -73.3367))
	(GEODATA , 0 , (41.9369 , -73.3373))
	(GEODATA , 0 , (41.9366 , -73.338))
	(GEODATA , 0 , (41.9363 , -73.3387))
	(GEODATA , 0 , (41.936 , -73.3394))
	(GEODATA , 0 , (41.9358 , -73.3401))
	(GEODATA , 0 , (41.9356 , -73.3409))
	(GEODATA , 0 , (41.9353 , -73.3417))
	(GEODATA , 0 , (41.9352 , -73.3425))
	(GEODATA , 0 , (41.935 , -73.3433))
	(GEODATA , 0 , (41.9348 , -73.3442))
	(GEODATA , 0 , (41.9347 , -73.3451))
	(GEODATA , 0 , (41.9346 , -73.3459))
	(GEODATA , 0 , (41.9345 , -73.3468))
	(GEODATA , 0 , (41.9344 , -73.3477))
	(GEODATA , 0 , (41.9343 , -73.3486))
	(GEODATA , 0 , (41.9343 , -73.3496))
	(GEODATA , 0 , (41.9343 , -73.3505))
	(GEODATA , 0 , (41.9342 , -73.3514))
	(GEODATA , 0 , (41.9343 , -73.3524))
	(GEODATA , 0 , (41.9343 , -73.3532))
	(GEODATA , 0 , (41.9344 , -73.3542))
	(GEODATA , 0 , (41.9344 , -73.3551))
	(GEODATA , 0 , (41.9345 , -73.356))
	(GEODATA , 0 , (41.9347 , -73.3569))
	(GEODATA , 0 , (41.9348 , -73.3578))
	(GEODATA , 0 , (41.9349 , -73.3587))
	(GEODATA , 0 , (41.9351 , -73.3595))
	(GEODATA , 0 , (41.9353 , -73.3604))
	(GEODATA , 0 , (41.9355 , -73.3612))
	(GEODATA , 0 , (41.9357 , -73.362))
	(GEODATA , 0 , (41.936 , -73.3628))
	(GEODATA , 0 , (41.9363 , -73.3636))
	(GEODATA , 0 , (41.9365 , -73.3643))
	(GEODATA , 0 , (41.9368 , -73.365))
	(GEODATA , 0 , (41.9371 , -73.3657))
	(GEODATA , 0 , (41.9374 , -73.3663))
	(GEODATA , 0 , (41.9378 , -73.3669))
	(GEODATA , 0 , (41.9381 , -73.3675))
	(GEODATA , 0 , (41.9385 , -73.3681))
	(GEODATA , 0 , (41.9388 , -73.3686))
	(GEODATA , 0 , (41.9392 , -73.3691))
	(GEODATA , 0 , (41.9396 , -73.3695))
	(GEODATA , 0 , (41.94 , -73.3699))
	(GEODATA , 0 , (41.9404 , -73.3703))
	(GEODATA , 0 , (41.9408 , -73.3706))
	(GEODATA , 0 , (41.9412 , -73.3709))
	(GEODATA , 0 , (41.9418 , -73.3713))
	(GEODATA , 0 , (41.9418 , -73.3713))
	(GEODATA , 0 , (41.9418 , -73.3713))
	(GEODATA , 0 , (41.9418 , -73.3713))
	(GEODATA , 0 , (41.9418 , -73.3713))
	(GEODATA , 0 , (41.9973 , -73.3136))
	(GEODATA , 0 , (41.9973 , -73.3136))
	(GEODATA , 0 , (41.9973 , -73.3141))
	(GEODATA , 0 , (41.9973 , -73.3141))
	(GEODATA , 0 , (41.9973 , -73.3136))
	(GEODATA , 0 , (41.9973 , -73.3136))
	(GEODATA , 0 , (41.9973 , -73.3136))
	(GEODATA , 0 , (41.9973 , -73.3132))
	(GEODATA , 0 , (41.9973 , -73.3132))
	(GEODATA , 0 , (41.9973 , -73.3127))
	(GEODATA , 0 , (41.9973 , -73.3127))
	(GEODATA , 0 , (41.9973 , -73.3127))
	(GEODATA , 0 , (41.9973 , -73.3127))
	(GEODATA , 0 , (41.9973 , -73.3127))
	(GEODATA , 0 , (41.9973 , -73.3123))
	(GEODATA , 0 , (41.9973 , -73.3123))
	(GEODATA , 0 , (41.9973 , -73.3118))
	(GEODATA , 0 , (41.9973 , -73.3118))
	(GEODATA , 0 , (41.9973 , -73.3118))
	(GEODATA , 0 , (41.9973 , -73.3123))
	(GEODATA , 0 , (41.9973 , -73.3118))
	(GEODATA , 0 , (41.9973 , -73.3132))
	(GEODATA , 0 , (41.9973 , -73.3132))
	(GEODATA , 0 , (41.9973 , -73.3132))
	(GEODATA , 0 , (41.9973 , -73.3136))
	(GEODATA , 0 , (41.9973 , -73.3136))
	(GEODATA , 0 , (41.9973 , -73.3141))
	(GEODATA , 0 , (41.9973 , -73.3141))
	(GEODATA , 0 , (41.9973 , -73.3141))
	(GEODATA , 0 , (41.9973 , -73.3136))
	(GEODATA , 0 , (41.9973 , -73.3136))
	(GEODATA , 0 , (41.9973 , -73.3136))
	(GEODATA , 0 , (41.9973 , -73.3132))
	(GEODATA , 0 , (41.9973 , -73.3132))
	(GEODATA , 0 , (41.9973 , -73.3132))
	(HOPDATA , 0 , dtn://v006)
	(GEODATA , 0 , (41.9527 , -73.4278))
	(GEODATA , 0 , (41.9527 , -73.4278))
	(GEODATA , 0 , (41.9527 , -73.4278))
	(GEODATA , 0 , (41.9608 , -73.4152))
	(GEODATA , 0 , (41.9588 , -73.4155))
	(GEODATA , 0 , (41.9568 , -73.417))
	(GEODATA , 0 , (41.9551 , -73.4195))
	(GEODATA , 0 , (41.9537 , -73.4228))
	(GEODATA , 0 , (41.9528 , -73.4269))
	(GEODATA , 0 , (41.9523 , -73.4314))
	(GEODATA , 0 , (41.9523 , -73.4362))
	(GEODATA , 0 , (41.9528 , -73.441))
	(GEODATA , 0 , (41.9538 , -73.4455))
	(GEODATA , 0 , (41.9552 , -73.4495))
	(GEODATA , 0 , (41.9569 , -73.4529))
	(GEODATA , 0 , (41.9589 , -73.4552))
	(GEODATA , 0 , (41.961 , -73.4565))
	(GEODATA , 0 , (41.9631 , -73.4568))
	(GEODATA , 0 , (41.9651 , -73.4558))
	(GEODATA , 0 , (41.9669 , -73.4537))
	(GEODATA , 0 , (41.9684 , -73.4506))
	(GEODATA , 0 , (41.9695 , -73.4467))
	(GEODATA , 0 , (41.9701 , -73.4421))
	(GEODATA , 0 , (41.9702 , -73.4372))
	(GEODATA , 0 , (41.9699 , -73.4323))
	(GEODATA , 0 , (41.9691 , -73.4275))
	(GEODATA , 0 , (41.9678 , -73.4232))
	(GEODATA , 0 , (41.9662 , -73.4197))
	(GEODATA , 0 , (41.9642 , -73.4171))
	(GEODATA , 0 , (41.9622 , -73.4156))
	(GEODATA , 0 , (41.96 , -73.4152))
	(GEODATA , 0 , (41.958 , -73.416))
	(GEODATA , 0 , (41.9561 , -73.4178))
	(GEODATA , 0 , (41.9545 , -73.4207))
	(GEODATA , 0 , (41.9533 , -73.4244))
	(GEODATA , 0 , (41.9525 , -73.4286))
	(GEODATA , 0 , (41.9523 , -73.4334))
	(GEODATA , 0 , (41.9525 , -73.4382))
	(GEODATA , 0 , (41.9532 , -73.4428))
	(GEODATA , 0 , (41.9543 , -73.4472))
	(GEODATA , 0 , (41.9559 , -73.451))
	(GEODATA , 0 , (41.9577 , -73.454))
	(GEODATA , 0 , (41.9597 , -73.4559))
	(GEODATA , 0 , (41.9619 , -73.4568))
	(GEODATA , 0 , (41.964 , -73.4565))
	(GEODATA , 0 , (41.9659 , -73.4551))
	(GEODATA , 0 , (41.9676 , -73.4525))
	(GEODATA , 0 , (41.9689 , -73.4492))
	(GEODATA , 0 , (41.9698 , -73.4449))
	(GEODATA , 0 , (41.9702 , -73.4401))
	(GEODATA , 0 , (41.9702 , -73.4352))
	(GEODATA , 0 , (41.9696 , -73.4302))
	(GEODATA , 0 , (41.9686 , -73.4256))
	(GEODATA , 0 , (41.9672 , -73.4217))
	(GEODATA , 0 , (41.9654 , -73.4185))
	(GEODATA , 0 , (41.9634 , -73.4163))
	(GEODATA , 0 , (41.9613 , -73.4153))
	(GEODATA , 0 , (41.9592 , -73.4154))
	(GEODATA , 0 , (41.9573 , -73.4166))
	(GEODATA , 0 , (41.9555 , -73.4188))
	(GEODATA , 0 , (41.954 , -73.4221))
	(GEODATA , 0 , (41.9529 , -73.4261))
	(GEODATA , 0 , (41.9524 , -73.4304))
	(GEODATA , 0 , (41.9523 , -73.4352))
	(GEODATA , 0 , (41.9527 , -73.4401))
	(GEODATA , 0 , (41.9536 , -73.4446))
	(GEODATA , 0 , (41.9549 , -73.4488))
	(GEODATA , 0 , (41.9566 , -73.4522))
	(GEODATA , 0 , (41.9585 , -73.4548))
	(GEODATA , 0 , (41.9606 , -73.4564))
	(GEODATA , 0 , (41.9627 , -73.4568))
	(GEODATA , 0 , (41.9647 , -73.4561))
	(GEODATA , 0 , (41.9666 , -73.4542))
	(GEODATA , 0 , (41.9681 , -73.4513))
	(GEODATA , 0 , (41.9693 , -73.4476))
	(GEODATA , 0 , (41.97 , -73.4431))
	(GEODATA , 0 , (41.9703 , -73.4384))
	(GEODATA , 0 , (41.97 , -73.4333))
	(GEODATA , 0 , (41.9693 , -73.4284))
	(GEODATA , 0 , (41.9681 , -73.4241))
	(GEODATA , 0 , (41.9665 , -73.4204))
	(GEODATA , 0 , (41.9647 , -73.4175))
	(GEODATA , 0 , (41.9627 , -73.4158))
	(GEODATA , 0 , (41.9605 , -73.4152))
	(GEODATA , 0 , (41.9584 , -73.4157))
	(GEODATA , 0 , (41.9565 , -73.4173))
	(GEODATA , 0 , (41.9549 , -73.42))
	(GEODATA , 0 , (41.9535 , -73.4235))
	(GEODATA , 0 , (41.9527 , -73.4277))
	(GEODATA , 0 , (41.9523 , -73.4323))
	(GEODATA , 0 , (41.9524 , -73.4371))
	(GEODATA , 0 , (41.953 , -73.4419))
	(GEODATA , 0 , (41.954 , -73.4462))
	(GEODATA , 0 , (41.9555 , -73.4502))
	(GEODATA , 0 , (41.9573 , -73.4534))
	(GEODATA , 0 , (41.9593 , -73.4556))
	(GEODATA , 0 , (41.9614 , -73.4567))
	(GEODATA , 0 , (41.9635 , -73.4567))
	(GEODATA , 0 , (41.9654 , -73.4555))
	(GEODATA , 0 , (41.9672 , -73.4532))
	(GEODATA , 0 , (41.9686 , -73.45))
	(GEODATA , 0 , (41.9696 , -73.446))
	(GEODATA , 0 , (41.9702 , -73.4413))
	(GEODATA , 0 , (41.9702 , -73.4362))
	(GEODATA , 0 , (41.9698 , -73.4314))
	(GEODATA , 0 , (41.9689 , -73.4267))
	(GEODATA , 0 , (41.9675 , -73.4225))
	(GEODATA , 0 , (41.9658 , -73.4191))
	(GEODATA , 0 , (41.9639 , -73.4167))
	(GEODATA , 0 , (41.9618 , -73.4154))
	(GEODATA , 0 , (41.9596 , -73.4153))
	(GEODATA , 0 , (41.9576 , -73.4162))
	(GEODATA , 0 , (41.9558 , -73.4183))
	(GEODATA , 0 , (41.9543 , -73.4214))
	(GEODATA , 0 , (41.9532 , -73.425))
	(GEODATA , 0 , (41.9525 , -73.4295))
	(GEODATA , 0 , (41.9523 , -73.4342))
	(GEODATA , 0 , (41.9526 , -73.439))
	(GEODATA , 0 , (41.9533 , -73.4437))
	(GEODATA , 0 , (41.9546 , -73.4479))
	(GEODATA , 0 , (41.9561 , -73.4515))
	(GEODATA , 0 , (41.958 , -73.4543))
	(GEODATA , 0 , (41.9601 , -73.4561))
	(GEODATA , 0 , (41.9623 , -73.4568))
	(GEODATA , 0 , (41.9643 , -73.4564))
	(GEODATA , 0 , (41.9662 , -73.4547))
	(GEODATA , 0 , (41.9678 , -73.452))
	(GEODATA , 0 , (41.9691 , -73.4484))
	(GEODATA , 0 , (41.9699 , -73.4441))
	(GEODATA , 0 , (41.9703 , -73.4392))
	(GEODATA , 0 , (41.9701 , -73.4343))
	(GEODATA , 0 , (41.9695 , -73.4294))
	(GEODATA , 0 , (41.9684 , -73.425))
	(GEODATA , 0 , (41.9669 , -73.4211))
	(GEODATA , 0 , (41.9651 , -73.418))
	(GEODATA , 0 , (41.963 , -73.416))
	(GEODATA , 0 , (41.961 , -73.4152))
	(GEODATA , 0 , (41.9588 , -73.4155))
	(GEODATA , 0 , (41.9569 , -73.417))
	(GEODATA , 0 , (41.9552 , -73.4194))
	(GEODATA , 0 , (41.9538 , -73.4227))
	(GEODATA , 0 , (41.9528 , -73.4268))
	(GEODATA , 0 , (41.9523 , -73.4313))
	(GEODATA , 0 , (41.9523 , -73.4361))
	(GEODATA , 0 , (41.9528 , -73.4409))
	(GEODATA , 0 , (41.9538 , -73.4454))
	(GEODATA , 0 , (41.9552 , -73.4494))
	(GEODATA , 0 , (41.9569 , -73.4528))
	(GEODATA , 0 , (41.9589 , -73.4552))
	(GEODATA , 0 , (41.9609 , -73.4565))
	(GEODATA , 0 , (41.9631 , -73.4568))
	(GEODATA , 0 , (41.9651 , -73.4558))
	(GEODATA , 0 , (41.9669 , -73.4538))
	(GEODATA , 0 , (41.9684 , -73.4507))
	(GEODATA , 0 , (41.9694 , -73.4468))
	(GEODATA , 0 , (41.9701 , -73.4423))
	(GEODATA , 0 , (41.9702 , -73.4373))
	(GEODATA , 0 , (41.9699 , -73.4324))
	(GEODATA , 0 , (41.9699 , -73.4324))
	(GEODATA , 0 , (41.9699 , -73.4324))
	(GEODATA , 0 , (41.9699 , -73.4324))
	(GEODATA , 0 , (41.9699 , -73.4324))
	(GEODATA , 0 , (41.9699 , -73.4324))
	(GEODATA , 0 , (41.9699 , -73.4324))
	(GEODATA , 0 , (41.9699 , -73.4324))
	(GEODATA , 0 , (41.9699 , -73.4324))
	(GEODATA , 0 , (41.9699 , -73.4324))
	(GEODATA , 0 , (41.9608 , -73.4152))
	(GEODATA , 0 , (41.9588 , -73.4155))
	(GEODATA , 0 , (41.9568 , -73.417))
	(GEODATA , 0 , (41.9551 , -73.4194))
	(GEODATA , 0 , (41.9537 , -73.4228))
	(GEODATA , 0 , (41.9528 , -73.4269))
	(GEODATA , 0 , (41.9523 , -73.4314))
	(GEODATA , 0 , (41.9523 , -73.4362))
	(GEODATA , 0 , (41.9528 , -73.4409))
	(GEODATA , 0 , (41.9538 , -73.4455))
	(GEODATA , 0 , (41.9552 , -73.4495))
	(GEODATA , 0 , (41.9569 , -73.4529))
	(GEODATA , 0 , (41.9589 , -73.4553))
	(GEODATA , 0 , (41.961 , -73.4565))
	(GEODATA , 0 , (41.9631 , -73.4568))
	(GEODATA , 0 , (41.9651 , -73.4558))
	(GEODATA , 0 , (41.9669 , -73.4537))
	(GEODATA , 0 , (41.9684 , -73.4506))
	(GEODATA , 0 , (41.9695 , -73.4466))
	(GEODATA , 0 , (41.9701 , -73.4421))
	(GEODATA , 0 , (41.9702 , -73.4372))
	(GEODATA , 0 , (41.9699 , -73.4321))
	(GEODATA , 0 , (41.9691 , -73.4275))
	(GEODATA , 0 , (41.9678 , -73.4232))
	(GEODATA , 0 , (41.9661 , -73.4196))
	(GEODATA , 0 , (41.9642 , -73.4171))
	(GEODATA , 0 , (41.9622 , -73.4156))
	(GEODATA , 0 , (41.96 , -73.4152))
	(GEODATA , 0 , (41.958 , -73.416))
	(GEODATA , 0 , (41.9561 , -73.4178))
	(GEODATA , 0 , (41.9545 , -73.4207))
	(GEODATA , 0 , (41.9533 , -73.4244))
	(GEODATA , 0 , (41.9525 , -73.4286))
	(GEODATA , 0 , (41.9523 , -73.4334))
	(GEODATA , 0 , (41.9525 , -73.4382))
	(GEODATA , 0 , (41.9532 , -73.4428))
	(GEODATA , 0 , (41.9543 , -73.4472))
	(GEODATA , 0 , (41.9559 , -73.451))
	(GEODATA , 0 , (41.9577 , -73.454))
	(GEODATA , 0 , (41.9597 , -73.4559))
	(GEODATA , 0 , (41.9619 , -73.4568))
	(GEODATA , 0 , (41.964 , -73.4565))
	(GEODATA , 0 , (41.9659 , -73.4551))
	(GEODATA , 0 , (41.9676 , -73.4525))
	(GEODATA , 0 , (41.9689 , -73.449))
	(GEODATA , 0 , (41.9698 , -73.4449))
	(GEODATA , 0 , (41.9702 , -73.4401))
	(GEODATA , 0 , (41.9702 , -73.4351))
	(GEODATA , 0 , (41.9696 , -73.4302))
	(GEODATA , 0 , (41.9686 , -73.4256))
	(GEODATA , 0 , (41.9672 , -73.4217))
	(GEODATA , 0 , (41.9654 , -73.4185))
	(GEODATA , 0 , (41.9634 , -73.4163))
	(GEODATA , 0 , (41.9613 , -73.4153))
	(GEODATA , 0 , (41.9592 , -73.4154))
	(GEODATA , 0 , (41.9572 , -73.4166))
	(GEODATA , 0 , (41.9554 , -73.4189))
	(GEODATA , 0 , (41.954 , -73.4221))
	(GEODATA , 0 , (41.9529 , -73.4261))
	(GEODATA , 0 , (41.9524 , -73.4306))
	(GEODATA , 0 , (41.9523 , -73.4352))
	(GEODATA , 0 , (41.9527 , -73.4401))
	(GEODATA , 0 , (41.9536 , -73.4447))
	(GEODATA , 0 , (41.9549 , -73.4489))
	(GEODATA , 0 , (41.9566 , -73.4522))
	(GEODATA , 0 , (41.9585 , -73.4548))
	(GEODATA , 0 , (41.9606 , -73.4564))
	(GEODATA , 0 , (41.9627 , -73.4568))
	(GEODATA , 0 , (41.9648 , -73.4561))
	(GEODATA , 0 , (41.9666 , -73.4542))
	(GEODATA , 0 , (41.9681 , -73.4513))
	(GEODATA , 0 , (41.9693 , -73.4474))
	(GEODATA , 0 , (41.97 , -73.4431))
	(GEODATA , 0 , (41.9703 , -73.4382))
	(GEODATA , 0 , (41.97 , -73.4331))
	(GEODATA , 0 , (41.9693 , -73.4284))
	(GEODATA , 0 , (41.9681 , -73.424))
	(GEODATA , 0 , (41.9665 , -73.4203))
	(GEODATA , 0 , (41.9647 , -73.4175))
	(GEODATA , 0 , (41.9626 , -73.4158))
	(GEODATA , 0 , (41.9604 , -73.4152))
	(GEODATA , 0 , (41.9584 , -73.4157))
	(GEODATA , 0 , (41.9565 , -73.4174))
	(GEODATA , 0 , (41.9548 , -73.4201))
	(GEODATA , 0 , (41.9535 , -73.4236))
	(GEODATA , 0 , (41.9526 , -73.4279))
	(GEODATA , 0 , (41.9523 , -73.4324))
	(GEODATA , 0 , (41.9524 , -73.4373))
	(GEODATA , 0 , (41.953 , -73.442))
	(GEODATA , 0 , (41.9541 , -73.4464))
	(GEODATA , 0 , (41.9555 , -73.4503))
	(GEODATA , 0 , (41.9574 , -73.4534))
	(GEODATA , 0 , (41.9594 , -73.4556))
	(GEODATA , 0 , (41.9614 , -73.4567))
	(GEODATA , 0 , (41.9636 , -73.4566))
	(GEODATA , 0 , (41.9656 , -73.4554))
	(GEODATA , 0 , (41.9673 , -73.4531))
	(GEODATA , 0 , (41.9687 , -73.4498))
	(GEODATA , 0 , (41.9697 , -73.4457))
	(GEODATA , 0 , (41.9702 , -73.4411))
	(GEODATA , 0 , (41.9702 , -73.4361))
	(GEODATA , 0 , (41.9697 , -73.4311))
	(GEODATA , 0 , (41.9688 , -73.4265))
	(GEODATA , 0 , (41.9674 , -73.4223))
	(GEODATA , 0 , (41.9657 , -73.419))
	(GEODATA , 0 , (41.9637 , -73.4166))
	(GEODATA , 0 , (41.9617 , -73.4154))
	(GEODATA , 0 , (41.9596 , -73.4153))
	(GEODATA , 0 , (41.9575 , -73.4163))
	(GEODATA , 0 , (41.9557 , -73.4184))
	(GEODATA , 0 , (41.9542 , -73.4214))
	(GEODATA , 0 , (41.9531 , -73.4253))
	(GEODATA , 0 , (41.9524 , -73.4298))
	(GEODATA , 0 , (41.9523 , -73.4344))
	(GEODATA , 0 , (41.9526 , -73.4393))
	(GEODATA , 0 , (41.9534 , -73.444))
	(GEODATA , 0 , (41.9546 , -73.4481))
	(GEODATA , 0 , (41.9563 , -73.4517))
	(GEODATA , 0 , (41.9582 , -73.4545))
	(GEODATA , 0 , (41.9602 , -73.4562))
	(GEODATA , 0 , (41.9623 , -73.4568))
	(GEODATA , 0 , (41.9644 , -73.4563))
	(GEODATA , 0 , (41.9663 , -73.4546))
	(GEODATA , 0 , (41.9679 , -73.4519))
	(GEODATA , 0 , (41.9691 , -73.4482))
	(GEODATA , 0 , (41.9699 , -73.4438))
	(GEODATA , 0 , (41.9703 , -73.439))
	(GEODATA , 0 , (41.9701 , -73.434))
	(GEODATA , 0 , (41.9694 , -73.4291))
	(GEODATA , 0 , (41.9683 , -73.4247))
	(GEODATA , 0 , (41.9668 , -73.4208))
	(GEODATA , 0 , (41.9649 , -73.4178))
	(GEODATA , 0 , (41.9629 , -73.416))
	(GEODATA , 0 , (41.9608 , -73.4152))
	(GEODATA , 0 , (41.9587 , -73.4156))
	(GEODATA , 0 , (41.9568 , -73.417))
	(GEODATA , 0 , (41.9551 , -73.4196))
	(GEODATA , 0 , (41.9537 , -73.423))
	(GEODATA , 0 , (41.9528 , -73.4271))
	(GEODATA , 0 , (41.9523 , -73.4316))
	(GEODATA , 0 , (41.9523 , -73.4364))
	(GEODATA , 0 , (41.9529 , -73.4413))
	(GEODATA , 0 , (41.9538 , -73.4456))
	(GEODATA , 0 , (41.9553 , -73.4497))
	(GEODATA , 0 , (41.957 , -73.453))
	(GEODATA , 0 , (41.959 , -73.4553))
	(GEODATA , 0 , (41.9612 , -73.4566))
	(GEODATA , 0 , (41.9632 , -73.4567))
	(GEODATA , 0 , (41.9652 , -73.4557))
	(GEODATA , 0 , (41.967 , -73.4535))
	(GEODATA , 0 , (41.9685 , -73.4504))
	(GEODATA , 0 , (41.9695 , -73.4464))
	(GEODATA , 0 , (41.9701 , -73.4418))
	(GEODATA , 0 , (41.9702 , -73.437))
	(GEODATA , 0 , (41.9698 , -73.4319))
	(GEODATA , 0 , (41.969 , -73.4271))
	(GEODATA , 0 , (41.9677 , -73.423))
	(GEODATA , 0 , (41.966 , -73.4195))
	(GEODATA , 0 , (41.9641 , -73.4169))
	(GEODATA , 0 , (41.9621 , -73.4155))
	(GEODATA , 0 , (41.9599 , -73.4152))
	(GEODATA , 0 , (41.9579 , -73.4161))
	(GEODATA , 0 , (41.956 , -73.418))
	(GEODATA , 0 , (41.9545 , -73.4209))
	(GEODATA , 0 , (41.9533 , -73.4246))
	(GEODATA , 0 , (41.9525 , -73.429))
	(GEODATA , 0 , (41.9523 , -73.4336))
	(GEODATA , 0 , (41.9525 , -73.4384))
	(GEODATA , 0 , (41.9532 , -73.4432))
	(GEODATA , 0 , (41.9544 , -73.4475))
	(GEODATA , 0 , (41.956 , -73.4512))
	(GEODATA , 0 , (41.9578 , -73.4541))
	(GEODATA , 0 , (41.9599 , -73.456))
	(GEODATA , 0 , (41.962 , -73.4568))
	(GEODATA , 0 , (41.9641 , -73.4565))
	(GEODATA , 0 , (41.966 , -73.4549))
	(GEODATA , 0 , (41.9676 , -73.4524))
	(GEODATA , 0 , (41.969 , -73.4489))
	(GEODATA , 0 , (41.9694 , -73.4469))
	(GEODATA , 0 , (41.9694 , -73.4469))
	(GEODATA , 0 , (41.9694 , -73.4469))
	(GEODATA , 0 , (41.9694 , -73.4469))
	(GEODATA , 0 , (41.9694 , -73.4469))
	(GEODATA , 0 , (41.9694 , -73.4469))
	(GEODATA , 0 , (42.0249 , -73.3509))
	(GEODATA , 0 , (42.0248 , -73.3519))
	(GEODATA , 0 , (42.0246 , -73.353))
	(GEODATA , 0 , (42.0245 , -73.354))
	(GEODATA , 0 , (42.0244 , -73.3551))
	(GEODATA , 0 , (42.0244 , -73.3562))
	(GEODATA , 0 , (42.0243 , -73.3573))
	(GEODATA , 0 , (42.0243 , -73.3585))
	(GEODATA , 0 , (42.0243 , -73.3596))
	(GEODATA , 0 , (42.0243 , -73.3607))
	(GEODATA , 0 , (42.0243 , -73.3618))
	(GEODATA , 0 , (42.0244 , -73.3629))
	(GEODATA , 0 , (42.0244 , -73.3641))
	(GEODATA , 0 , (42.0245 , -73.3651))
	(GEODATA , 0 , (42.0246 , -73.3663))
	(GEODATA , 0 , (42.0248 , -73.3674))
	(GEODATA , 0 , (42.0249 , -73.3684))
	(GEODATA , 0 , (42.0251 , -73.3695))
	(GEODATA , 0 , (42.0253 , -73.3705))
	(GEODATA , 0 , (42.0255 , -73.3716))
	(GEODATA , 0 , (42.0257 , -73.3726))
	(GEODATA , 0 , (42.0259 , -73.3735))
	(GEODATA , 0 , (42.0262 , -73.3745))
	(GEODATA , 0 , (42.0265 , -73.3754))
	(GEODATA , 0 , (42.0267 , -73.3763))
	(GEODATA , 0 , (42.027 , -73.3771))
	(GEODATA , 0 , (42.0273 , -73.3779))
	(GEODATA , 0 , (42.0277 , -73.3787))
	(GEODATA , 0 , (42.028 , -73.3795))
	(GEODATA , 0 , (42.0284 , -73.3802))
	(GEODATA , 0 , (42.0287 , -73.3808))
	(GEODATA , 0 , (42.0291 , -73.3814))
	(GEODATA , 0 , (42.0295 , -73.382))
	(GEODATA , 0 , (42.0299 , -73.3825))
	(GEODATA , 0 , (42.0303 , -73.383))
	(GEODATA , 0 , (42.0307 , -73.3835))
	(GEODATA , 0 , (42.0311 , -73.3838))
	(GEODATA , 0 , (42.0315 , -73.3842))
	(GEODATA , 0 , (42.0319 , -73.3844))
	(GEODATA , 0 , (42.0323 , -73.3846))
	(GEODATA , 0 , (42.0327 , -73.3848))
	(GEODATA , 0 , (42.0332 , -73.3849))
	(GEODATA , 0 , (42.0336 , -73.385))
	(GEODATA , 0 , (42.034 , -73.385))
	(GEODATA , 0 , (42.0344 , -73.385))
	(GEODATA , 0 , (42.0349 , -73.3849))
	(GEODATA , 0 , (42.0353 , -73.3847))
	(GEODATA , 0 , (42.0357 , -73.3845))
	(GEODATA , 0 , (42.0361 , -73.3842))
	(GEODATA , 0 , (42.0365 , -73.3839))
	(GEODATA , 0 , (42.0369 , -73.3836))
	(GEODATA , 0 , (42.0373 , -73.3831))
	(GEODATA , 0 , (42.0376 , -73.3827))
	(GEODATA , 0 , (42.038 , -73.3822))
	(GEODATA , 0 , (42.0384 , -73.3816))
	(GEODATA , 0 , (42.0387 , -73.381))
	(GEODATA , 0 , (42.039 , -73.3803))
	(GEODATA , 0 , (42.0394 , -73.3796))
	(GEODATA , 0 , (42.0397 , -73.3788))
	(GEODATA , 0 , (42.04 , -73.378))
	(GEODATA , 0 , (42.0402 , -73.3772))
	(GEODATA , 0 , (42.0405 , -73.3763))
	(GEODATA , 0 , (42.0407 , -73.3754))
	(GEODATA , 0 , (42.041 , -73.3744))
	(GEODATA , 0 , (42.0412 , -73.3735))
	(GEODATA , 0 , (42.0414 , -73.3724))
	(GEODATA , 0 , (42.0416 , -73.3714))
	(GEODATA , 0 , (42.0417 , -73.3703))
	(GEODATA , 0 , (42.0419 , -73.3692))
	(GEODATA , 0 , (42.042 , -73.3682))
	(GEODATA , 0 , (42.0421 , -73.367))
	(GEODATA , 0 , (42.0422 , -73.3658))
	(GEODATA , 0 , (42.0422 , -73.3647))
	(GEODATA , 0 , (42.0423 , -73.3635))
	(GEODATA , 0 , (42.0423 , -73.3624))
	(GEODATA , 0 , (42.0423 , -73.3612))
	(GEODATA , 0 , (42.0423 , -73.36))
	(GEODATA , 0 , (42.0422 , -73.3589))
	(GEODATA , 0 , (42.0422 , -73.3577))
	(GEODATA , 0 , (42.0421 , -73.3565))
	(GEODATA , 0 , (42.042 , -73.3553))
	(GEODATA , 0 , (42.0419 , -73.3542))
	(GEODATA , 0 , (42.0417 , -73.3531))
	(GEODATA , 0 , (42.0416 , -73.352))
	(GEODATA , 0 , (42.0414 , -73.3509))
	(GEODATA , 0 , (42.0412 , -73.3498))
	(GEODATA , 0 , (42.041 , -73.3488))
	(GEODATA , 0 , (42.0408 , -73.3478))
	(GEODATA , 0 , (42.0405 , -73.3468))
	(GEODATA , 0 , (42.0403 , -73.3458))
	(GEODATA , 0 , (42.04 , -73.3449))
	(GEODATA , 0 , (42.0397 , -73.3441))
	(GEODATA , 0 , (42.0394 , -73.3432))
	(GEODATA , 0 , (42.0391 , -73.3424))
	(GEODATA , 0 , (42.0388 , -73.3416))
	(GEODATA , 0 , (42.0384 , -73.3409))
	(GEODATA , 0 , (42.0381 , -73.3403))
	(GEODATA , 0 , (42.0377 , -73.3397))
	(GEODATA , 0 , (42.0373 , -73.3391))
	(GEODATA , 0 , (42.0369 , -73.3386))
	(GEODATA , 0 , (42.0365 , -73.3381))
	(GEODATA , 0 , (42.0361 , -73.3377))
	(GEODATA , 0 , (42.0357 , -73.3373))
	(GEODATA , 0 , (42.0353 , -73.337))
	(GEODATA , 0 , (42.0347 , -73.3366))
	(GEODATA , 0 , (42.0347 , -73.3366))
	(GEODATA , 0 , (42.0347 , -73.3366))
	(GEODATA , 0 , (42.0347 , -73.3366))
	(GEODATA , 0 , (42.0347 , -73.3366))
	(GEODATA , 0 , (41.9973 , -73.3127))
	(GEODATA , 0 , (41.9973 , -73.3257))
	(GEODATA , 0 , (41.9973 , -73.3391))
	(GEODATA , 0 , (41.9973 , -73.3525))
	(GEODATA , 0 , (41.9973 , -73.3655))
	(GEODATA , 0 , (41.9973 , -73.3789))
	(GEODATA , 0 , (41.9973 , -73.3919))
	(GEODATA , 0 , (41.9973 , -73.4053))
	(GEODATA , 0 , (41.9973 , -73.4183))
	(GEODATA , 0 , (41.9973 , -73.4156))
	(GEODATA , 0 , (41.9973 , -73.4022))
	(GEODATA , 0 , (41.9973 , -73.4004))
	(GEODATA , 0 , (41.9973 , -73.3888))
	(GEODATA , 0 , (41.9973 , -73.3758))
	(GEODATA , 0 , (41.9973 , -73.3624))
	(GEODATA , 0 , (41.9973 , -73.349))
	(GEODATA , 0 , (41.9973 , -73.336))
	(GEODATA , 0 , (41.9973 , -73.3226))
	(GEODATA , 0 , (41.9973 , -73.3141))
	(GEODATA , 0 , (41.9973 , -73.3275))
	(GEODATA , 0 , (41.9973 , -73.3342))
	(GEODATA , 0 , (41.9973 , -73.3445))
	(GEODATA , 0 , (41.9973 , -73.3579))
	(GEODATA , 0 , (41.9973 , -73.3709))
	(GEODATA , 0 , (41.9973 , -73.3843))
	(GEODATA , 0 , (41.9973 , -73.3973))
	(GEODATA , 0 , (41.9973 , -73.4107))
	(GEODATA , 0 , (41.9973 , -73.4232))
	(GEODATA , 0 , (41.9973 , -73.4102))
	(GEODATA , 0 , (41.9973 , -73.3968))
	(GEODATA , 0 , (41.9973 , -73.3834))
	(GEODATA , 0 , (41.9973 , -73.3704))
	(GEODATA , 0 , (41.9973 , -73.357))
	(GEODATA , 0 , (41.9973 , -73.3441))
	(GEODATA , 0 , (41.9973 , -73.3306))
	(GEODATA , 0 , (41.9973 , -73.3172))
	(GEODATA , 0 , (41.9973 , -73.3199))
	(GEODATA , 0 , (41.9973 , -73.3329))
	(GEODATA , 0 , (41.9973 , -73.3463))
	(GEODATA , 0 , (41.9973 , -73.3597))
	(GEODATA , 0 , (41.9973 , -73.3727))
	(GEODATA , 0 , (41.9973 , -73.3861))
	(GEODATA , 0 , (41.9973 , -73.3995))
	(GEODATA , 0 , (41.9973 , -73.4125))
	(GEODATA , 0 , (41.9973 , -73.4214))
	(GEODATA , 0 , (41.9973 , -73.408))
	(GEODATA , 0 , (41.9973 , -73.395))
	(GEODATA , 0 , (41.9973 , -73.3816))
	(GEODATA , 0 , (41.9973 , -73.3682))
	(GEODATA , 0 , (41.9973 , -73.3552))
	(GEODATA , 0 , (41.9973 , -73.3418))
	(GEODATA , 0 , (41.9973 , -73.3284))
	(GEODATA , 0 , (41.9973 , -73.3154))
	(GEODATA , 0 , (41.9973 , -73.3217))
	(GEODATA , 0 , (41.9973 , -73.3351))
	(GEODATA , 0 , (41.9973 , -73.3481))
	(GEODATA , 0 , (41.9973 , -73.3615))
	(GEODATA , 0 , (41.9973 , -73.3749))
	(GEODATA , 0 , (41.9973 , -73.3879))
	(GEODATA , 0 , (41.9973 , -73.4013))
	(GEODATA , 0 , (41.9973 , -73.4147))
	(GEODATA , 0 , (41.9973 , -73.4196))
	(GEODATA , 0 , (41.9973 , -73.4062))
	(GEODATA , 0 , (41.9973 , -73.3928))
	(GEODATA , 0 , (41.9973 , -73.3798))
	(GEODATA , 0 , (41.9973 , -73.3664))
	(GEODATA , 0 , (41.9973 , -73.353))
	(GEODATA , 0 , (41.9973 , -73.34))
	(GEODATA , 0 , (41.9973 , -73.3266))
	(GEODATA , 0 , (41.9973 , -73.3132))
	(GEODATA , 0 , (41.9973 , -73.3235))
	(GEODATA , 0 , (41.9973 , -73.3342))
	(GEODATA , 0 , (41.9973 , -73.3396))
	(GEODATA , 0 , (41.9973 , -73.353))
	(GEODATA , 0 , (41.9973 , -73.366))
	(GEODATA , 0 , (41.9973 , -73.3794))
	(GEODATA , 0 , (41.9973 , -73.3928))
	(GEODATA , 0 , (41.9973 , -73.4058))
	(GEODATA , 0 , (41.9973 , -73.4192))
	(GEODATA , 0 , (41.9973 , -73.4147))
	(GEODATA , 0 , (41.9973 , -73.4017))
	(GEODATA , 0 , (41.9973 , -73.3883))
	(GEODATA , 0 , (41.9973 , -73.3749))
	(GEODATA , 0 , (41.9973 , -73.3619))
	(GEODATA , 0 , (41.9973 , -73.3485))
	(GEODATA , 0 , (41.9973 , -73.3351))
	(GEODATA , 0 , (41.9973 , -73.3221))
	(GEODATA , 0 , (41.9973 , -73.315))
	(GEODATA , 0 , (41.9973 , -73.3284))
	(GEODATA , 0 , (41.9973 , -73.3414))
	(GEODATA , 0 , (41.9973 , -73.3548))
	(GEODATA , 0 , (41.9973 , -73.3682))
	(GEODATA , 0 , (41.9973 , -73.3812))
	(GEODATA , 0 , (41.9973 , -73.3946))
	(GEODATA , 0 , (41.9973 , -73.408))
	(HOPDATA , 0 , dtn://v007)
	(GEODATA , 0 , (41.9349 , -73.3831))
	(GEODATA , 0 , (41.9347 , -73.384))
	(GEODATA , 0 , (41.9346 , -73.3849))
	(GEODATA , 0 , (41.9345 , -73.3857))
	(GEODATA , 0 , (41.9344 , -73.3866))
	(GEODATA , 0 , (41.9343 , -73.3875))
	(GEODATA , 0 , (41.9343 , -73.3885))
	(GEODATA , 0 , (41.9343 , -73.3893))
	(GEODATA , 0 , (41.9342 , -73.3903))
	(GEODATA , 0 , (41.9343 , -73.3912))
	(GEODATA , 0 , (41.9343 , -73.3922))
	(GEODATA , 0 , (41.9343 , -73.3931))
	(GEODATA , 0 , (41.9344 , -73.394))
	(GEODATA , 0 , (41.9345 , -73.3949))
	(GEODATA , 0 , (41.9346 , -73.3958))
	(GEODATA , 0 , (41.9347 , -73.3967))
	(GEODATA , 0 , (41.9349 , -73.3976))
	(GEODATA , 0 , (41.9351 , -73.3985))
	(GEODATA , 0 , (41.9352 , -73.3994))
	(GEODATA , 0 , (41.9354 , -73.4002))
	(GEODATA , 0 , (41.9357 , -73.401))
	(GEODATA , 0 , (41.9359 , -73.4019))
	(GEODATA , 0 , (41.9362 , -73.4026))
	(GEODATA , 0 , (41.9364 , -73.4034))
	(GEODATA , 0 , (41.9367 , -73.4041))
	(GEODATA , 0 , (41.937 , -73.4048))
	(GEODATA , 0 , (41.9373 , -73.4055))
	(GEODATA , 0 , (41.9377 , -73.4062))
	(GEODATA , 0 , (41.938 , -73.4068))
	(GEODATA , 0 , (41.9383 , -73.4074))
	(GEODATA , 0 , (41.9387 , -73.408))
	(GEODATA , 0 , (41.9391 , -73.4085))
	(GEODATA , 0 , (41.9394 , -73.409))
	(GEODATA , 0 , (41.9398 , -73.4094))
	(GEODATA , 0 , (41.9402 , -73.4098))
	(GEODATA , 0 , (41.9406 , -73.4102))
	(GEODATA , 0 , (41.9411 , -73.4105))
	(GEODATA , 0 , (41.9415 , -73.4108))
	(GEODATA , 0 , (41.9419 , -73.4111))
	(GEODATA , 0 , (41.9423 , -73.4113))
	(GEODATA , 0 , (41.9427 , -73.4114))
	(GEODATA , 0 , (41.9432 , -73.4116))
	(GEODATA , 0 , (41.9436 , -73.4116))
	(GEODATA , 0 , (41.944 , -73.4117))
	(GEODATA , 0 , (41.9444 , -73.4116))
	(GEODATA , 0 , (41.9448 , -73.4116))
	(GEODATA , 0 , (41.9453 , -73.4115))
	(GEODATA , 0 , (41.9457 , -73.4113))
	(GEODATA , 0 , (41.9461 , -73.4111))
	(GEODATA , 0 , (41.9465 , -73.4109))
	(GEODATA , 0 , (41.9469 , -73.4106))
	(GEODATA , 0 , (41.9473 , -73.4103))
	(GEODATA , 0 , (41.9476 , -73.4099))
	(GEODATA , 0 , (41.948 , -73.4095))
	(GEODATA , 0 , (41.9483 , -73.4091))
	(GEODATA , 0 , (41.9487 , -73.4085))
	(GEODATA , 0 , (41.949 , -73.408))
	(GEODATA , 0 , (41.9493 , -73.4075))
	(GEODATA , 0 , (41.9497 , -73.4069))
	(GEODATA , 0 , (41.9499 , -73.4062))
	(GEODATA , 0 , (41.9502 , -73.4055))
	(GEODATA , 0 , (41.9505 , -73.4048))
	(GEODATA , 0 , (41.9507 , -73.4041))
	(GEODATA , 0 , (41.951 , -73.4034))
	(GEODATA , 0 , (41.9512 , -73.4026))
	(GEODATA , 0 , (41.9514 , -73.4017))
	(GEODATA , 0 , (41.9515 , -73.4009))
	(GEODATA , 0 , (41.9517 , -73.4001))
	(GEODATA , 0 , (41.9518 , -73.3992))
	(GEODATA , 0 , (41.952 , -73.3983))
	(GEODATA , 0 , (41.952 , -73.3974))
	(GEODATA , 0 , (41.9521 , -73.3964))
	(GEODATA , 0 , (41.9522 , -73.3955))
	(GEODATA , 0 , (41.9522 , -73.3945))
	(GEODATA , 0 , (41.9523 , -73.3936))
	(GEODATA , 0 , (41.9523 , -73.3926))
	(GEODATA , 0 , (41.9522 , -73.3917))
	(GEODATA , 0 , (41.9522 , -73.3907))
	(GEODATA , 0 , (41.9521 , -73.3898))
	(GEODATA , 0 , (41.9521 , -73.3888))
	(GEODATA , 0 , (41.952 , -73.3879))
	(GEODATA , 0 , (41.9518 , -73.3869))
	(GEODATA , 0 , (41.9517 , -73.386))
	(GEODATA , 0 , (41.9515 , -73.3851))
	(GEODATA , 0 , (41.9514 , -73.3842))
	(GEODATA , 0 , (41.9512 , -73.3833))
	(GEODATA , 0 , (41.951 , -73.3824))
	(GEODATA , 0 , (41.9507 , -73.3816))
	(GEODATA , 0 , (41.9505 , -73.3808))
	(GEODATA , 0 , (41.9502 , -73.38))
	(GEODATA , 0 , (41.95 , -73.3792))
	(GEODATA , 0 , (41.9497 , -73.3785))
	(GEODATA , 0 , (41.9494 , -73.3778))
	(GEODATA , 0 , (41.9491 , -73.3771))
	(GEODATA , 0 , (41.9487 , -73.3765))
	(GEODATA , 0 , (41.9484 , -73.3759))
	(GEODATA , 0 , (41.948 , -73.3753))
	(GEODATA , 0 , (41.9477 , -73.3748))
	(GEODATA , 0 , (41.9473 , -73.3743))
	(GEODATA , 0 , (41.9469 , -73.3738))
	(GEODATA , 0 , (41.9465 , -73.3734))
	(GEODATA , 0 , (41.9461 , -73.373))
	(GEODATA , 0 , (41.9457 , -73.3727))
	(GEODATA , 0 , (41.9453 , -73.3724))
	(GEODATA , 0 , (41.9447 , -73.3721))
	(GEODATA , 0 , (41.9447 , -73.3721))
	(GEODATA , 0 , (41.9447 , -73.3721))
	(GEODATA , 0 , (41.9447 , -73.3721))
	(GEODATA , 0 , (41.9447 , -73.3721))
	(GEODATA , 0 , (41.9436 , -73.4116))
	(GEODATA , 0 , (41.949 , -73.4127))
	(GEODATA , 0 , (41.9542 , -73.4138))
	(GEODATA , 0 , (41.9596 , -73.4149))
	(GEODATA , 0 , (41.9649 , -73.416))
	(GEODATA , 0 , (41.9703 , -73.4172))
	(GEODATA , 0 , (41.9755 , -73.4184))
	(GEODATA , 0 , (41.9809 , -73.4197))
	(GEODATA , 0 , (41.9863 , -73.421))
	(GEODATA , 0 , (41.9917 , -73.4223))
	(GEODATA , 0 , (41.9969 , -73.4236))
	(GEODATA , 0 , (41.9969 , -73.4236))
	(GEODATA , 0 , (41.9922 , -73.4224))
	(GEODATA , 0 , (41.9868 , -73.4211))
	(GEODATA , 0 , (41.9816 , -73.4198))
	(GEODATA , 0 , (41.9762 , -73.4186))
	(GEODATA , 0 , (41.9708 , -73.4174))
	(GEODATA , 0 , (41.9656 , -73.4162))
	(GEODATA , 0 , (41.9602 , -73.415))
	(GEODATA , 0 , (41.9548 , -73.4139))
	(GEODATA , 0 , (41.9523 , -73.4134))
	(GEODATA , 0 , (41.9481 , -73.4125))
	(GEODATA , 0 , (41.9438 , -73.4117))
	(GEODATA , 0 , (41.9492 , -73.4128))
	(GEODATA , 0 , (41.9544 , -73.4138))
	(GEODATA , 0 , (41.9598 , -73.4149))
	(GEODATA , 0 , (41.9652 , -73.4161))
	(GEODATA , 0 , (41.9704 , -73.4173))
	(GEODATA , 0 , (41.9758 , -73.4185))
	(GEODATA , 0 , (41.9812 , -73.4197))
	(GEODATA , 0 , (41.9866 , -73.421))
	(GEODATA , 0 , (41.9919 , -73.4223))
	(GEODATA , 0 , (41.9973 , -73.4237))
	(GEODATA , 0 , (41.9919 , -73.4223))
	(GEODATA , 0 , (41.9866 , -73.421))
	(GEODATA , 0 , (41.9812 , -73.4197))
	(GEODATA , 0 , (41.9758 , -73.4185))
	(GEODATA , 0 , (41.9706 , -73.4173))
	(GEODATA , 0 , (41.9652 , -73.4161))
	(GEODATA , 0 , (41.9598 , -73.4149))
	(GEODATA , 0 , (41.9544 , -73.4138))
	(GEODATA , 0 , (41.9492 , -73.4128))
	(GEODATA , 0 , (41.9438 , -73.4117))
	(GEODATA , 0 , (41.9481 , -73.4125))
	(GEODATA , 0 , (41.9533 , -73.4136))
	(GEODATA , 0 , (41.9587 , -73.4147))
	(GEODATA , 0 , (41.9641 , -73.4159))
	(GEODATA , 0 , (41.9695 , -73.4171))
	(GEODATA , 0 , (41.9749 , -73.4183))
	(GEODATA , 0 , (41.9802 , -73.4195))
	(GEODATA , 0 , (41.9856 , -73.4208))
	(GEODATA , 0 , (41.991 , -73.4221))
	(GEODATA , 0 , (41.9962 , -73.4234))
	(GEODATA , 0 , (41.9929 , -73.4226))
	(GEODATA , 0 , (41.9875 , -73.4213))
	(GEODATA , 0 , (41.9823 , -73.42))
	(GEODATA , 0 , (41.9769 , -73.4187))
	(GEODATA , 0 , (41.9715 , -73.4175))
	(GEODATA , 0 , (41.9663 , -73.4164))
	(GEODATA , 0 , (41.9609 , -73.4152))
	(GEODATA , 0 , (41.9555 , -73.4141))
	(GEODATA , 0 , (41.9501 , -73.4129))
	(GEODATA , 0 , (41.9449 , -73.4119))
	(GEODATA , 0 , (41.947 , -73.4123))
	(GEODATA , 0 , (41.9524 , -73.4134))
	(GEODATA , 0 , (41.9578 , -73.4146))
	(GEODATA , 0 , (41.9631 , -73.4156))
	(GEODATA , 0 , (41.9685 , -73.4168))
	(GEODATA , 0 , (41.9737 , -73.418))
	(GEODATA , 0 , (41.9791 , -73.4193))
	(GEODATA , 0 , (41.9845 , -73.4205))
	(GEODATA , 0 , (41.9883 , -73.4214))
	(GEODATA , 0 , (41.991 , -73.4221))
	(GEODATA , 0 , (41.9962 , -73.4234))
	(GEODATA , 0 , (41.9929 , -73.4226))
	(GEODATA , 0 , (41.9875 , -73.4213))
	(GEODATA , 0 , (41.9823 , -73.42))
	(GEODATA , 0 , (41.9769 , -73.4187))
	(GEODATA , 0 , (41.9715 , -73.4175))
	(GEODATA , 0 , (41.9661 , -73.4163))
	(GEODATA , 0 , (41.9609 , -73.4152))
	(GEODATA , 0 , (41.9555 , -73.4141))
	(GEODATA , 0 , (41.9501 , -73.4129))
	(GEODATA , 0 , (41.9447 , -73.4119))
	(GEODATA , 0 , (41.947 , -73.4123))
	(GEODATA , 0 , (41.9524 , -73.4134))
	(GEODATA , 0 , (41.9577 , -73.4145))
	(GEODATA , 0 , (41.9631 , -73.4156))
	(GEODATA , 0 , (41.9685 , -73.4168))
	(GEODATA , 0 , (41.9739 , -73.418))
	(GEODATA , 0 , (41.9791 , -73.4193))
	(GEODATA , 0 , (41.9845 , -73.4205))
	(GEODATA , 0 , (41.9899 , -73.4218))
	(GEODATA , 0 , (41.9951 , -73.4231))
	(GEODATA , 0 , (41.994 , -73.4229))
	(GEODATA , 0 , (41.9886 , -73.4215))
	(GEODATA , 0 , (41.9832 , -73.4202))
	(GEODATA , 0 , (41.9789 , -73.4192))
	(GEODATA , 0 , (41.9775 , -73.4189))
	(GEODATA , 0 , (41.9722 , -73.4177))
	(GEODATA , 0 , (41.9668 , -73.4165))
	(GEODATA , 0 , (41.9614 , -73.4153))
	(GEODATA , 0 , (41.9562 , -73.4142))
	(GEODATA , 0 , (41.9508 , -73.4131))
	(HOPDATA , 0 , dtn://v008)
	(GEODATA , 0 , (41.9696 , -73.4037))
	(GEODATA , 0 , (41.9698 , -73.4028))
	(GEODATA , 0 , (41.9699 , -73.4019))
	(GEODATA , 0 , (41.97 , -73.4009))
	(GEODATA , 0 , (41.9701 , -73.4))
	(GEODATA , 0 , (41.9702 , -73.399))
	(GEODATA , 0 , (41.9702 , -73.3981))
	(GEODATA , 0 , (41.9703 , -73.3971))
	(GEODATA , 0 , (41.9703 , -73.3961))
	(GEODATA , 0 , (41.9702 , -73.3951))
	(GEODATA , 0 , (41.9702 , -73.3941))
	(GEODATA , 0 , (41.9702 , -73.3931))
	(GEODATA , 0 , (41.9701 , -73.3921))
	(GEODATA , 0 , (41.97 , -73.3911))
	(GEODATA , 0 , (41.9699 , -73.3901))
	(GEODATA , 0 , (41.9698 , -73.3892))
	(GEODATA , 0 , (41.9696 , -73.3882))
	(GEODATA , 0 , (41.9694 , -73.3873))
	(GEODATA , 0 , (41.9693 , -73.3864))
	(GEODATA , 0 , (41.9691 , -73.3854))
	(GEODATA , 0 , (41.9688 , -73.3846))
	(GEODATA , 0 , (41.9686 , -73.3837))
	(GEODATA , 0 , (41.9683 , -73.3829))
	(GEODATA , 0 , (41.9681 , -73.3821))
	(GEODATA , 0 , (41.9678 , -73.3813))
	(GEODATA , 0 , (41.9675 , -73.3806))
	(GEODATA , 0 , (41.9672 , -73.3798))
	(GEODATA , 0 , (41.9669 , -73.3792))
	(GEODATA , 0 , (41.9665 , -73.3785))
	(GEODATA , 0 , (41.9662 , -73.3779))
	(GEODATA , 0 , (41.9658 , -73.3773))
	(GEODATA , 0 , (41.9654 , -73.3768))
	(GEODATA , 0 , (41.965 , -73.3763))
	(GEODATA , 0 , (41.9647 , -73.3759))
	(GEODATA , 0 , (41.9643 , -73.3755))
	(GEODATA , 0 , (41.9639 , -73.3751))
	(GEODATA , 0 , (41.9635 , -73.3748))
	(GEODATA , 0 , (41.963 , -73.3745))
	(GEODATA , 0 , (41.9626 , -73.3743))
	(GEODATA , 0 , (41.9622 , -73.3741))
	(GEODATA , 0 , (41.9618 , -73.374))
	(GEODATA , 0 , (41.9614 , -73.3739))
	(GEODATA , 0 , (41.9609 , -73.3739))
	(GEODATA , 0 , (41.9605 , -73.3739))
	(GEODATA , 0 , (41.9601 , -73.3739))
	(GEODATA , 0 , (41.9597 , -73.374))
	(GEODATA , 0 , (41.9593 , -73.3741))
	(GEODATA , 0 , (41.9588 , -73.3743))
	(GEODATA , 0 , (41.9584 , -73.3746))
	(GEODATA , 0 , (41.958 , -73.3748))
	(GEODATA , 0 , (41.9576 , -73.3752))
	(GEODATA , 0 , (41.9573 , -73.3755))
	(GEODATA , 0 , (41.9569 , -73.3759))
	(GEODATA , 0 , (41.9565 , -73.3764))
	(GEODATA , 0 , (41.9562 , -73.3768))
	(GEODATA , 0 , (41.9558 , -73.3774))
	(GEODATA , 0 , (41.9555 , -73.3779))
	(GEODATA , 0 , (41.9552 , -73.3785))
	(GEODATA , 0 , (41.9549 , -73.3792))
	(GEODATA , 0 , (41.9546 , -73.3798))
	(GEODATA , 0 , (41.9543 , -73.3805))
	(GEODATA , 0 , (41.954 , -73.3812))
	(GEODATA , 0 , (41.9538 , -73.382))
	(GEODATA , 0 , (41.9536 , -73.3828))
	(GEODATA , 0 , (41.9533 , -73.3835))
	(GEODATA , 0 , (41.9531 , -73.3844))
	(GEODATA , 0 , (41.953 , -73.3852))
	(GEODATA , 0 , (41.9528 , -73.3861))
	(GEODATA , 0 , (41.9527 , -73.387))
	(GEODATA , 0 , (41.9526 , -73.3879))
	(GEODATA , 0 , (41.9525 , -73.3888))
	(GEODATA , 0 , (41.9524 , -73.3897))
	(GEODATA , 0 , (41.9523 , -73.3907))
	(GEODATA , 0 , (41.9523 , -73.3916))
	(GEODATA , 0 , (41.9523 , -73.3925))
	(GEODATA , 0 , (41.9523 , -73.3935))
	(GEODATA , 0 , (41.9523 , -73.3945))
	(GEODATA , 0 , (41.9523 , -73.3954))
	(GEODATA , 0 , (41.9524 , -73.3964))
	(GEODATA , 0 , (41.9525 , -73.3973))
	(GEODATA , 0 , (41.9526 , -73.3983))
	(GEODATA , 0 , (41.9527 , -73.3992))
	(GEODATA , 0 , (41.9528 , -73.4002))
	(GEODATA , 0 , (41.953 , -73.4011))
	(GEODATA , 0 , (41.9531 , -73.402))
	(GEODATA , 0 , (41.9533 , -73.4029))
	(GEODATA , 0 , (41.9535 , -73.4037))
	(GEODATA , 0 , (41.9538 , -73.4046))
	(GEODATA , 0 , (41.954 , -73.4055))
	(GEODATA , 0 , (41.9543 , -73.4063))
	(GEODATA , 0 , (41.9545 , -73.407))
	(GEODATA , 0 , (41.9548 , -73.4078))
	(GEODATA , 0 , (41.9551 , -73.4085))
	(GEODATA , 0 , (41.9555 , -73.4092))
	(GEODATA , 0 , (41.9558 , -73.4099))
	(GEODATA , 0 , (41.9561 , -73.4105))
	(GEODATA , 0 , (41.9565 , -73.4111))
	(GEODATA , 0 , (41.9569 , -73.4117))
	(GEODATA , 0 , (41.9572 , -73.4122))
	(GEODATA , 0 , (41.9576 , -73.4127))
	(GEODATA , 0 , (41.958 , -73.4132))
	(GEODATA , 0 , (41.9584 , -73.4136))
	(GEODATA , 0 , (41.9588 , -73.414))
	(GEODATA , 0 , (41.9592 , -73.4143))
	(GEODATA , 0 , (41.9599 , -73.4147))
	(GEODATA , 0 , (41.9599 , -73.4147))
	(GEODATA , 0 , (41.9599 , -73.4147))
	(GEODATA , 0 , (41.9599 , -73.4147))
	(GEODATA , 0 , (41.9599 , -73.4147))
	(GEODATA , 0 , (41.9433 , -73.4124))
	(GEODATA , 0 , (41.9433 , -73.4243))
	(GEODATA , 0 , (41.9433 , -73.4359))
	(GEODATA , 0 , (41.9433 , -73.4479))
	(GEODATA , 0 , (41.9433 , -73.4594))
	(GEODATA , 0 , (41.9433 , -73.4714))
	(GEODATA , 0 , (41.9433 , -73.4834))
	(GEODATA , 0 , (41.9433 , -73.4949))
	(GEODATA , 0 , (41.9433 , -73.5069))
	(GEODATA , 0 , (41.9433 , -73.5041))
	(GEODATA , 0 , (41.9433 , -73.4922))
	(GEODATA , 0 , (41.9433 , -73.4905))
	(GEODATA , 0 , (41.9433 , -73.4802))
	(GEODATA , 0 , (41.9433 , -73.4686))
	(GEODATA , 0 , (41.9433 , -73.4567))
	(GEODATA , 0 , (41.9433 , -73.4447))
	(GEODATA , 0 , (41.9433 , -73.4331))
	(GEODATA , 0 , (41.9433 , -73.4211))
	(GEODATA , 0 , (41.9433 , -73.414))
	(GEODATA , 0 , (41.9433 , -73.4255))
	(GEODATA , 0 , (41.9433 , -73.4315))
	(GEODATA , 0 , (41.9433 , -73.4407))
	(GEODATA , 0 , (41.9433 , -73.4523))
	(GEODATA , 0 , (41.9433 , -73.4642))
	(GEODATA , 0 , (41.9433 , -73.4762))
	(GEODATA , 0 , (41.9433 , -73.4878))
	(GEODATA , 0 , (41.9433 , -73.4997))
	(GEODATA , 0 , (41.9433 , -73.5109))
	(GEODATA , 0 , (41.9433 , -73.4993))
	(GEODATA , 0 , (41.9433 , -73.4874))
	(GEODATA , 0 , (41.9433 , -73.4754))
	(GEODATA , 0 , (41.9433 , -73.4638))
	(GEODATA , 0 , (41.9433 , -73.4518))
	(GEODATA , 0 , (41.9433 , -73.4399))
	(GEODATA , 0 , (41.9433 , -73.4283))
	(GEODATA , 0 , (41.9433 , -73.4164))
	(GEODATA , 0 , (41.9433 , -73.4183))
	(GEODATA , 0 , (41.9433 , -73.4303))
	(GEODATA , 0 , (41.9433 , -73.4423))
	(GEODATA , 0 , (41.9433 , -73.4543))
	(GEODATA , 0 , (41.9433 , -73.4658))
	(GEODATA , 0 , (41.9433 , -73.4778))
	(GEODATA , 0 , (41.9433 , -73.4897))
	(GEODATA , 0 , (41.9433 , -73.5013))
	(GEODATA , 0 , (41.9433 , -73.5093))
	(GEODATA , 0 , (41.9433 , -73.4973))
	(GEODATA , 0 , (41.9433 , -73.4858))
	(GEODATA , 0 , (41.9433 , -73.4738))
	(GEODATA , 0 , (41.9433 , -73.4618))
	(GEODATA , 0 , (41.9433 , -73.4503))
	(GEODATA , 0 , (41.9433 , -73.4383))
	(GEODATA , 0 , (41.9433 , -73.4263))
	(GEODATA , 0 , (41.9433 , -73.4148))
	(GEODATA , 0 , (41.9433 , -73.4203))
	(GEODATA , 0 , (41.9433 , -73.4323))
	(GEODATA , 0 , (41.9433 , -73.4439))
	(GEODATA , 0 , (41.9433 , -73.4558))
	(GEODATA , 0 , (41.9433 , -73.4678))
	(GEODATA , 0 , (41.9433 , -73.4794))
	(GEODATA , 0 , (41.9433 , -73.4914))
	(GEODATA , 0 , (41.9433 , -73.5033))
	(GEODATA , 0 , (41.9433 , -73.5077))
	(GEODATA , 0 , (41.9433 , -73.4957))
	(GEODATA , 0 , (41.9433 , -73.4838))
	(GEODATA , 0 , (41.9433 , -73.4722))
	(GEODATA , 0 , (41.9433 , -73.4602))
	(GEODATA , 0 , (41.9433 , -73.4483))
	(GEODATA , 0 , (41.9433 , -73.4367))
	(GEODATA , 0 , (41.9433 , -73.4247))
	(GEODATA , 0 , (41.9433 , -73.4128))
	(GEODATA , 0 , (41.9433 , -73.4219))
	(GEODATA , 0 , (41.9433 , -73.4315))
	(GEODATA , 0 , (41.9433 , -73.4363))
	(GEODATA , 0 , (41.9433 , -73.4483))
	(GEODATA , 0 , (41.9433 , -73.4598))
	(GEODATA , 0 , (41.9433 , -73.4718))
	(GEODATA , 0 , (41.9433 , -73.4834))
	(GEODATA , 0 , (41.9433 , -73.4954))
	(GEODATA , 0 , (41.9433 , -73.5073))
	(GEODATA , 0 , (41.9433 , -73.5033))
	(GEODATA , 0 , (41.9433 , -73.4918))
	(GEODATA , 0 , (41.9433 , -73.4798))
	(GEODATA , 0 , (41.9433 , -73.4678))
	(GEODATA , 0 , (41.9433 , -73.4558))
	(GEODATA , 0 , (41.9433 , -73.4443))
	(GEODATA , 0 , (41.9433 , -73.4323))
	(GEODATA , 0 , (41.9433 , -73.4207))
	(GEODATA , 0 , (41.9433 , -73.4144))
	(GEODATA , 0 , (41.9433 , -73.4263))
	(GEODATA , 0 , (41.9433 , -73.4379))
	(GEODATA , 0 , (41.9433 , -73.4499))
	(GEODATA , 0 , (41.9433 , -73.4618))
	(GEODATA , 0 , (41.9433 , -73.4734))
	(GEODATA , 0 , (41.9433 , -73.4854))
	(GEODATA , 0 , (41.9433 , -73.4973))
	(GEODATA , 0 , (41.9433 , -73.5089))
	(GEODATA , 0 , (41.9433 , -73.5017))
	(GEODATA , 0 , (41.9433 , -73.4905))
	(GEODATA , 0 , (41.9433 , -73.489))
	(GEODATA , 0 , (41.9433 , -73.4774))
	(GEODATA , 0 , (41.9433 , -73.4654))
	(GEODATA , 0 , (41.9433 , -73.4535))
	(GEODATA , 0 , (41.9433 , -73.4415))
	(GEODATA , 0 , (41.9433 , -73.4299))
	(GEODATA , 0 , (41.9433 , -73.4179))
	(GEODATA , 0 , (41.9433 , -73.4167))
	(GEODATA , 0 , (41.9433 , -73.4287))
	(GEODATA , 0 , (41.9433 , -73.4407))
	(GEODATA , 0 , (41.9433 , -73.4527))
	(GEODATA , 0 , (41.9433 , -73.4642))
	(GEODATA , 0 , (41.9433 , -73.4762))
	(GEODATA , 0 , (41.9433 , -73.4882))