	(HOPDATA , 0 , dtn://v006)
	(GEODATA , 0 , (41.9527 , -73.4278))
	(GEODATA , 0 , (41.9527 , -73.4278))
	(GEODATA , 0 , (41.9527 , -73.4278))
	(GEODATA , 0 , (41.9608 , -73.4152))
	(GEODATA , 0 , (41.9588 , -73.4155))
	(GEODATA , 0 , (41.9568 , -73.417))
	(GEODATA , 0 , (41.9551 , -73.4195))
	(GEODATA , 0 , (41.9537 , -73.4228))
	(GEODATA , 0 , (41.9528 , -73.4269))
	(GEODATA , 0 , (41.9523 , -73.4314))
	(GEODATA , 0 , (41.9523 , -73.4362))
	(GEODATA , 0 , (41.9528 , -73.441))
	(GEODATA , 0 , (41.9538 , -73.4455))
	(GEODATA , 0 , (41.9552 , -73.4495))
	(GEODATA , 0 , (41.9569 , -73.4529))
	(GEODATA , 0 , (41.9589 , -73.4552))
	(GEODATA , 0 , (41.961 , -73.4565))
	(GEODATA , 0 , (41.9631 , -73.4568))
	(GEODATA , 0 , (41.9651 , -73.4558))
	(GEODATA , 0 , (41.9669 , -73.4537))
	(GEODATA , 0 , (41.9684 , -73.4506))
	(GEODATA , 0 , (41.9695 , -73.4467))
	(GEODATA , 0 , (41.9701 , -73.4421))
	(GEODATA , 0 , (41.9702 , -73.4372))
	(GEODATA , 0 , (41.9699 , -73.4323))
	(GEODATA , 0 , (41.9691 , -73.4275))
	(GEODATA , 0 , (41.9678 , -73.4232))
	(GEODATA , 0 , (41.9662 , -73.4197))
	(GEODATA , 0 , (41.9642 , -73.4171))
	(GEODATA , 0 , (41.9622 , -73.4156))
	(GEODATA , 0 , (41.96 , -73.4152))
	(GEODATA , 0 , (41.958 , -73.416))
	(GEODATA , 0 , (41.9561 , -73.4178))
	(GEODATA , 0 , (41.9545 , -73.4207))
	(GEODATA , 0 , (41.9533 , -73.4244))
	(GEODATA , 0 , (41.9525 , -73.4286))
	(GEODATA , 0 , (41.9523 , -73.4334))
	(GEODATA , 0 , (41.9525 , -73.4382))
	(GEODATA , 0 , (41.9532 , -73.4428))
	(GEODATA , 0 , (41.9543 , -73.4472))
	(GEODATA , 0 , (41.9559 , -73.451))
	(GEODATA , 0 , (41.9577 , -73.454))
	(GEODATA , 0 , (41.9597 , -73.4559))
	(GEODATA , 0 , (41.9619 , -73.4568))
	(GEODATA , 0 , (41.964 , -73.4565))
	(GEODATA , 0 , (41.9659 , -73.4551))
	(GEODATA , 0 , (41.9676 , -73.4525))
	(GEODATA , 0 , (41.9689 , -73.4492))
	(GEODATA , 0 , (41.9698 , -73.4449))
	(GEODATA , 0 , (41.9702 , -73.4401))
	(GEODATA , 0 , (41.9702 , -73.4352))
	(GEODATA , 0 , (41.9696 , -73.4302))
	(GEODATA , 0 , (41.9686 , -73.4256))
	(GEODATA , 0 , (41.9672 , -73.4217))
	(GEODATA , 0 , (41.9654 , -73.4185))
	(GEODATA , 0 , (41.9634 , -73.4163))
	(GEODATA , 0 , (41.9613 , -73.4153))
	(GEODATA , 0 , (41.9592 , -73.4154))
	(GEODATA , 0 , (41.9573 , -73.4166))
	(GEODATA , 0 , (41.9555 , -73.4188))
	(GEODATA , 0 , (41.954 , -73.4221))
	(GEODATA , 0 , (41.9529 , -73.4261))
	(GEODATA , 0 , (41.9524 , -73.4304))
	(GEODATA , 0 , (41.9523 , -73.4352))
	(GEODATA , 0 , (41.9527 , -73.4401))
	(GEODATA , 0 , (41.9536 , -73.4446))
	(GEODATA , 0 , (41.9549 , -73.4488))
	(GEODATA , 0 , (41.9566 , -73.4522))
	(GEODATA , 0 , (41.9585 , -73.4548))
	(GEODATA , 0 , (41.9606 , -73.4564))
	(GEODATA , 0 , (41.9627 , -73.4568))
	(GEODATA , 0 , (41.9647 , -73.4561))
	(GEODATA , 0 , (41.9666 , -73.4542))
	(GEODATA , 0 , (41.9681 , -73.4513))
	(GEODATA , 0 , (41.9693 , -73.4476))
	(GEODATA , 0 , (41.97 , -73.4431))
	(GEODATA , 0 , (41.9703 , -73.4384))
	(GEODATA , 0 , (41.97 , -73.4333))
	(GEODATA , 0 , (41.9693 , -73.4284))
	(GEODATA , 0 , (41.9681 , -73.4241))
	(GEODATA , 0 , (41.9665 , -73.4204))
	(GEODATA , 0 , (41.9647 , -73.4175))
	(GEODATA , 0 , (41.9627 , -73.4158))
	(GEODATA , 0 , (41.9605 , -73.4152))
	(GEODATA , 0 , (41.9584 , -73.4157))
	(GEODATA , 0 , (41.9565 , -73.4173))
	(GEODATA , 0 , (41.9549 , -73.42))
	(GEODATA , 0 , (41.9535 , -73.4235))
	(GEODATA , 0 , (41.9527 , -73.4277))
	(GEODATA , 0 , (41.9523 , -73.4323))
	(GEODATA , 0 , (41.9524 , -73.4371))
	(GEODATA , 0 , (41.953 , -73.4419))
	(GEODATA , 0 , (41.954 , -73.4462))
	(GEODATA , 0 , (41.9555 , -73.4502))
	(GEODATA , 0 , (41.9573 , -73.4534))
	(GEODATA , 0 , (41.9593 , -73.4556))
	(GEODATA , 0 , (41.9614 , -73.4567))
	(GEODATA , 0 , (41.9635 , -73.4567))
	(GEODATA , 0 , (41.9654 , -73.4555))
	(GEODATA , 0 , (41.9672 , -73.4532))
	(GEODATA , 0 , (41.9686 , -73.45))
	(GEODATA , 0 , (41.9696 , -73.446))
	(GEODATA , 0 , (41.9702 , -73.4413))
	(GEODATA , 0 , (41.9702 , -73.4362))
	(GEODATA , 0 , (41.9698 , -73.4314))
	(GEODATA , 0 , (41.9689 , -73.4267))
	(GEODATA , 0 , (41.9675 , -73.4225))
	(GEODATA , 0 , (41.9658 , -73.4191))
	(GEODATA , 0 , (41.9639 , -73.4167))
	(GEODATA , 0 , (41.9618 , -73.4154))
	(GEODATA , 0 , (41.9596 , -73.4153))
	(GEODATA , 0 , (41.9576 , -73.4162))
	(GEODATA , 0 , (41.9558 , -73.4183))
	(GEODATA , 0 , (41.9543 , -73.4214))
	(GEODATA , 0 , (41.9532 , -73.425))
	(GEODATA , 0 , (41.9525 , -73.4295))
	(GEODATA , 0 , (41.9523 , -73.4342))
	(GEODATA , 0 , (41.9526 , -73.439))
	(GEODATA , 0 , (41.9533 , -73.4437))
	(GEODATA , 0 , (41.9546 , -73.4479))
	(GEODATA , 0 , (41.9561 , -73.4515))
	(GEODATA , 0 , (41.958 , -73.4543))
	(GEODATA , 0 , (41.9601 , -73.4561))
	(GEODATA , 0 , (41.9623 , -73.4568))
	(GEODATA , 0 , (41.9643 , -73.4564))
	(GEODATA , 0 , (41.9662 , -73.4547))
	(GEODATA , 0 , (41.9678 , -73.452))
	(GEODATA , 0 , (41.9691 , -73.4484))
	(GEODATA , 0 , (41.9699 , -73.4441))
	(GEODATA , 0 , (41.9703 , -73.4392))
	(GEODATA , 0 , (41.9701 , -73.4343))
	(GEODATA , 0 , (41.9695 , -73.4294))
	(GEODATA , 0 , (41.9684 , -73.425))
	(GEODATA , 0 , (41.9669 , -73.4211))
	(GEODATA , 0 , (41.9651 , -73.418))
	(GEODATA , 0 , (41.963 , -73.416))
	(GEODATA , 0 , (41.961 , -73.4152))
	(GEODATA , 0 , (41.9588 , -73.4155))
	(GEODATA , 0 , (41.9569 , -73.417))
	(GEODATA , 0 , (41.9552 , -73.4194))
	(GEODATA , 0 , (41.9538 , -73.4227))
	(GEODATA , 0 , (41.9528 , -73.4268))
	(GEODATA , 0 , (41.9523 , -73.4313))
	(GEODATA , 0 , (41.9523 , -73.4361))
	(GEODATA , 0 , (41.9528 , -73.4409))
	(GEODATA , 0 , (41.9538 , -73.4454))
	(GEODATA , 0 , (41.9552 , -73.4494))
	(GEODATA , 0 , (41.9569 , -73.4528))
	(GEODATA , 0 , (41.9589 , -73.4552))
	(GEODATA , 0 , (41.9609 , -73.4565))
	(GEODATA , 0 , (41.9631 , -73.4568))
	(GEODATA , 0 , (41.9651 , -73.4558))
	(GEODATA , 0 , (41.9669 , -73.4538))
	(GEODATA , 0 , (41.9684 , -73.4507))
	(GEODATA , 0 , (41.9694 , -73.4468))
	(GEODATA , 0 , (41.9701 , -73.4423))
	(GEODATA , 0 , (41.9702 , -73.4373))
	(GEODATA , 0 , (41.9699 , -73.4324))
	(GEODATA , 0 , (41.9699 , -73.4324))
	(GEODATA , 0 , (41.9699 , -73.4324))
	(GEODATA , 0 , (41.9699 , -73.4324))
	(GEODATA , 0 , (41.9699 , -73.4324))
	(GEODATA , 0 , (41.9699 , -73.4324))
	(GEODATA , 0 , (41.9699 , -73.4324))
	(GEODATA , 0 , (41.9699 , -73.4324))
	(GEODATA , 0 , (41.9699 , -73.4324))
	(GEODATA , 0 , (41.9699 , -73.4324))
	(GEODATA , 0 , (41.9608 , -73.4152))
	(GEODATA , 0 , (41.9588 , -73.4155))
	(GEODATA , 0 , (41.9568 , -73.417))
	(GEODATA , 0 , (41.9551 , -73.4194))
	(GEODATA , 0 , (41.9537 , -73.4228))
	(GEODATA , 0 , (41.9528 , -73.4269))
	(GEODATA , 0 , (41.9523 , -73.4314))
	(GEODATA , 0 , (41.9523 , -73.4362))
	(GEODATA , 0 , (41.9528 , -73.4409))
	(GEODATA , 0 , (41.9538 , -73.4455))
	(GEODATA , 0 , (41.9552 , -73.4495))
	(GEODATA , 0 , (41.9569 , -73.4529))
	(GEODATA , 0 , (41.9589 , -73.4553))
	(GEODATA , 0 , (41.961 , -73.4565))
	(GEODATA , 0 , (41.9631 , -73.4568))
	(GEODATA , 0 , (41.9651 , -73.4558))
	(GEODATA , 0 , (41.9669 , -73.4537))
	(GEODATA , 0 , (41.9684 , -73.4506))
	(GEODATA , 0 , (41.9695 , -73.4466))
	(GEODATA , 0 , (41.9701 , -73.4421))
	(GEODATA , 0 , (41.9702 , -73.4372))
	(GEODATA , 0 , (41.9699 , -73.4321))
	(GEODATA , 0 , (41.9691 , -73.4275))
	(GEODATA , 0 , (41.9678 , -73.4232))
	(GEODATA , 0 , (41.9661 , -73.4196))
	(GEODATA , 0 , (41.9642 , -73.4171))
	(GEODATA , 0 , (41.9622 , -73.4156))
	(GEODATA , 0 , (41.96 , -73.4152))
	(HOPDATA , 0 , dtn://v004)
	(GEODATA , 0 , (41.9699 , -73.4023))
	(GEODATA , 0 , (41.9699 , -73.4023))
	(GEODATA , 0 , (41.9699 , -73.4023))
	(GEODATA , 0 , (41.9616 , -73.4153))
	(GEODATA , 0 , (41.9637 , -73.415))
	(GEODATA , 0 , (41.9656 , -73.4136))
	(GEODATA , 0 , (41.9674 , -73.411))
	(GEODATA , 0 , (41.9687 , -73.4076))
	(GEODATA , 0 , (41.9697 , -73.4033))
	(GEODATA , 0 , (41.9702 , -73.3986))
	(GEODATA , 0 , (41.9702 , -73.3937))
	(GEODATA , 0 , (41.9697 , -73.3887))
	(GEODATA , 0 , (41.9688 , -73.3843))
	(GEODATA , 0 , (41.9674 , -73.3802))
	(GEODATA , 0 , (41.9656 , -73.3771))
	(GEODATA , 0 , (41.9636 , -73.3749))
	(GEODATA , 0 , (41.9616 , -73.374))
	(GEODATA , 0 , (41.9595 , -73.3741))
	(GEODATA , 0 , (41.9575 , -73.3753))
	(GEODATA , 0 , (41.9557 , -73.3776))
	(GEODATA , 0 , (41.9542 , -73.3809))
	(GEODATA , 0 , (41.953 , -73.3849))
	(GEODATA , 0 , (41.9524 , -73.3892))
	(GEODATA , 0 , (41.9523 , -73.394))
	(GEODATA , 0 , (41.9526 , -73.3989))
	(GEODATA , 0 , (41.9534 , -73.4033))
	(GEODATA , 0 , (41.9548 , -73.4076))
	(GEODATA , 0 , (41.9563 , -73.4109))
	(GEODATA , 0 , (41.9583 , -73.4135))
	(GEODATA , 0 , (41.9604 , -73.415))
	(GEODATA , 0 , (41.9624 , -73.4153))
	(GEODATA , 0 , (41.9645 , -73.4146))
	(GEODATA , 0 , (41.9664 , -73.4126))
	(GEODATA , 0 , (41.968 , -73.4096))
	(GEODATA , 0 , (41.9692 , -73.4058))
	(GEODATA , 0 , (41.97 , -73.4014))
	(GEODATA , 0 , (41.9703 , -73.3965))
	(GEODATA , 0 , (41.97 , -73.3914))
	(GEODATA , 0 , (41.9693 , -73.3867))
	(GEODATA , 0 , (41.9682 , -73.3824))
	(GEODATA , 0 , (41.9666 , -73.3787))
	(GEODATA , 0 , (41.9648 , -73.3761))
	(GEODATA , 0 , (41.9628 , -73.3744))
	(GEODATA , 0 , (41.9606 , -73.3739))
	(GEODATA , 0 , (41.9586 , -73.3745))
	(GEODATA , 0 , (41.9566 , -73.3762))
	(GEODATA , 0 , (41.9549 , -73.379))
	(GEODATA , 0 , (41.9536 , -73.3824))
	(GEODATA , 0 , (41.9527 , -73.3867))
	(GEODATA , 0 , (41.9523 , -73.3914))
	(GEODATA , 0 , (41.9524 , -73.396))
	(GEODATA , 0 , (41.9529 , -73.4008))
	(GEODATA , 0 , (41.9539 , -73.4052))
	(GEODATA , 0 , (41.9553 , -73.409))
	(GEODATA , 0 , (41.9571 , -73.4121))
	(GEODATA , 0 , (41.9591 , -73.4142))
	(GEODATA , 0 , (41.9612 , -73.4153))
	(GEODATA , 0 , (41.9633 , -73.4152))
	(GEODATA , 0 , (41.9653 , -73.4139))
	(GEODATA , 0 , (41.9671 , -73.4115))
	(GEODATA , 0 , (41.9685 , -73.4083))
	(GEODATA , 0 , (41.9696 , -73.4041))
	(GEODATA , 0 , (41.9701 , -73.3995))
	(GEODATA , 0 , (41.9702 , -73.3946))
	(GEODATA , 0 , (41.9698 , -73.3896))
	(GEODATA , 0 , (41.969 , -73.385))
	(GEODATA , 0 , (41.9676 , -73.3809))
	(GEODATA , 0 , (41.966 , -73.3777))
	(GEODATA , 0 , (41.9641 , -73.3753))
	(GEODATA , 0 , (41.962 , -73.3741))
	(GEODATA , 0 , (41.9598 , -73.374))
	(GEODATA , 0 , (41.9578 , -73.375))
	(GEODATA , 0 , (41.956 , -73.3771))
	(GEODATA , 0 , (41.9544 , -73.3802))
	(GEODATA , 0 , (41.9532 , -73.3841))
	(GEODATA , 0 , (41.9525 , -73.3884))
	(GEODATA , 0 , (41.9523 , -73.3932))
	(GEODATA , 0 , (41.9525 , -73.3979))
	(GEODATA , 0 , (41.9533 , -73.4026))
	(GEODATA , 0 , (41.9545 , -73.4068))
	(GEODATA , 0 , (41.956 , -73.4104))
	(GEODATA , 0 , (41.9579 , -73.413))
	(GEODATA , 0 , (41.9599 , -73.4148))
	(GEODATA , 0 , (41.9621 , -73.4153))
	(GEODATA , 0 , (41.9641 , -73.4148))
	(GEODATA , 0 , (41.966 , -73.4131))
	(GEODATA , 0 , (41.9677 , -73.4103))
	(GEODATA , 0 , (41.969 , -73.4067))
	(GEODATA , 0 , (41.9699 , -73.4023))
	(GEODATA , 0 , (41.9702 , -73.3975))
	(GEODATA , 0 , (41.9701 , -73.3926))
	(GEODATA , 0 , (41.9695 , -73.3877))
	(GEODATA , 0 , (41.9685 , -73.3832))
	(GEODATA , 0 , (41.967 , -73.3795))
	(GEODATA , 0 , (41.9652 , -73.3765))
	(GEODATA , 0 , (41.9632 , -73.3746))
	(GEODATA , 0 , (41.9611 , -73.3739))
	(GEODATA , 0 , (41.959 , -73.3743))
	(GEODATA , 0 , (41.957 , -73.3758))
	(GEODATA , 0 , (41.9553 , -73.3782))
	(GEODATA , 0 , (41.9539 , -73.3817))
	(GEODATA , 0 , (41.9529 , -73.3858))
	(GEODATA , 0 , (41.9523 , -73.3902))
	(GEODATA , 0 , (41.9523 , -73.3951))
	(GEODATA , 0 , (41.9528 , -73.3998))
	(GEODATA , 0 , (41.9537 , -73.4044))
	(GEODATA , 0 , (41.955 , -73.4083))
	(GEODATA , 0 , (41.9567 , -73.4115))
	(GEODATA , 0 , (41.9587 , -73.4139))
	(GEODATA , 0 , (41.9607 , -73.4151))
	(GEODATA , 0 , (41.9629 , -73.4153))
	(GEODATA , 0 , (41.9649 , -73.4142))
	(GEODATA , 0 , (41.9668 , -73.4121))
	(GEODATA , 0 , (41.9683 , -73.409))
	(GEODATA , 0 , (41.9694 , -73.405))
	(GEODATA , 0 , (41.9701 , -73.4004))
	(GEODATA , 0 , (41.9703 , -73.3956))
	(GEODATA , 0 , (41.9699 , -73.3906))
	(GEODATA , 0 , (41.9692 , -73.3859))
	(GEODATA , 0 , (41.9679 , -73.3817))
	(GEODATA , 0 , (41.9663 , -73.3782))
	(GEODATA , 0 , (41.9644 , -73.3756))
	(GEODATA , 0 , (41.9624 , -73.3742))
	(GEODATA , 0 , (41.9603 , -73.3739))
	(GEODATA , 0 , (41.9582 , -73.3748))
	(GEODATA , 0 , (41.9563 , -73.3766))
	(GEODATA , 0 , (41.9547 , -73.3795))
	(GEODATA , 0 , (41.9534 , -73.3833))
	(GEODATA , 0 , (41.9526 , -73.3876))
	(GEODATA , 0 , (41.9523 , -73.3922))
	(GEODATA , 0 , (41.9524 , -73.3971))
	(GEODATA , 0 , (41.9531 , -73.4018))
	(GEODATA , 0 , (41.9542 , -73.4061))
	(GEODATA , 0 , (41.9557 , -73.4097))
	(GEODATA , 0 , (41.9575 , -73.4126))
	(GEODATA , 0 , (41.9596 , -73.4146))
	(GEODATA , 0 , (41.9616 , -73.4153))
	(GEODATA , 0 , (41.9638 , -73.415))
	(GEODATA , 0 , (41.9657 , -73.4135))
	(GEODATA , 0 , (41.9674 , -73.4109))
	(GEODATA , 0 , (41.9688 , -73.4074))
	(GEODATA , 0 , (41.9697 , -73.4031))
	(GEODATA , 0 , (41.9702 , -73.3985))
	(GEODATA , 0 , (41.9702 , -73.3935))
	(GEODATA , 0 , (41.9697 , -73.3885))
	(GEODATA , 0 , (41.9687 , -73.3839))
	(GEODATA , 0 , (41.9673 , -73.3801))
	(GEODATA , 0 , (41.9656 , -73.377))
	(GEODATA , 0 , (41.9636 , -73.3749))
	(GEODATA , 0 , (41.9615 , -73.3739))
	(GEODATA , 0 , (41.9594 , -73.3741))
	(GEODATA , 0 , (41.9573 , -73.3754))
	(GEODATA , 0 , (41.9556 , -73.3777))
	(GEODATA , 0 , (41.9541 , -73.381))
	(GEODATA , 0 , (41.953 , -73.385))
	(GEODATA , 0 , (41.9524 , -73.3894))
	(GEODATA , 0 , (41.9523 , -73.3942))
	(GEODATA , 0 , (41.9526 , -73.3987))
	(GEODATA , 0 , (41.9526 , -73.3987))
	(GEODATA , 0 , (41.9526 , -73.3987))
	(GEODATA , 0 , (41.9526 , -73.3987))
	(GEODATA , 0 , (41.9526 , -73.3987))
	(GEODATA , 0 , (41.9526 , -73.3987))
	(GEODATA , 0 , (41.9526 , -73.3987))
	(GEODATA , 0 , (41.9526 , -73.3987))
	(GEODATA , 0 , (41.9526 , -73.3987))
	(GEODATA , 0 , (41.9526 , -73.3987))
	(GEODATA , 0 , (41.9617 , -73.4153))
	(GEODATA , 0 , (41.9637 , -73.415))
	(GEODATA , 0 , (41.9657 , -73.4135))
	(GEODATA , 0 , (41.9674 , -73.4109))
	(GEODATA , 0 , (41.9688 , -73.4075))
	(GEODATA , 0 , (41.9697 , -73.4032))
	(GEODATA , 0 , (41.9702 , -73.3986))
	(GEODATA , 0 , (41.9702 , -73.3935))
	(GEODATA , 0 , (41.9697 , -73.3886))
	(GEODATA , 0 , (41.9687 , -73.3841))
	(GEODATA , 0 , (41.9673 , -73.3801))
	(GEODATA , 0 , (41.9656 , -73.377))
	(GEODATA , 0 , (41.9636 , -73.3749))
	(GEODATA , 0 , (41.9615 , -73.3739))
	(GEODATA , 0 , (41.9594 , -73.3741))
	(GEODATA , 0 , (41.9574 , -73.3754))
	(GEODATA , 0 , (41.9556 , -73.3777))
	(GEODATA , 0 , (41.9541 , -73.381))
	(GEODATA , 0 , (41.953 , -73.385))
	(GEODATA , 0 , (41.9524 , -73.3894))
	(GEODATA , 0 , (41.9523 , -73.3942))
	(GEODATA , 0 , (41.9526 , -73.399))
	(GEODATA , 0 , (41.9535 , -73.4034))
	(GEODATA , 0 , (41.9548 , -73.4076))
	(GEODATA , 0 , (41.9564 , -73.411))
	(GEODATA , 0 , (41.9583 , -73.4135))
	(GEODATA , 0 , (41.9604 , -73.415))
	(GEODATA , 0 , (41.9625 , -73.4153))
	(GEODATA , 0 , (41.9646 , -73.4145))
	(GEODATA , 0 , (41.9664 , -73.4126))
	(GEODATA , 0 , (41.968 , -73.4096))
	(GEODATA , 0 , (41.9692 , -73.4058))
	(GEODATA , 0 , (41.97 , -73.4012))
	(GEODATA , 0 , (41.9703 , -73.3965))
	(GEODATA , 0 , (41.97 , -73.3914))
	(GEODATA , 0 , (41.9693 , -73.3866))
	(GEODATA , 0 , (41.9682 , -73.3824))
	(GEODATA , 0 , (41.9666 , -73.3787))
	(GEODATA , 0 , (41.9648 , -73.376))
	(GEODATA , 0 , (41.9628 , -73.3744))
	(GEODATA , 0 , (41.9606 , -73.3739))
	(GEODATA , 0 , (41.9585 , -73.3745))
	(GEODATA , 0 , (41.9566 , -73.3762))
	(GEODATA , 0 , (41.9549 , -73.379))
	(GEODATA , 0 , (41.9536 , -73.3826))
	(GEODATA , 0 , (41.9527 , -73.3868))
	(GEODATA , 0 , (41.9523 , -73.3914))
	(GEODATA , 0 , (41.9524 , -73.3962))
	(GEODATA , 0 , (41.9529 , -73.4009))
	(HOPDATA , 0 , dtn://v003)
	(GEODATA , 0 , (41.9346 , -73.3845))
	(GEODATA , 0 , (41.9346 , -73.3845))
	(GEODATA , 0 , (41.9346 , -73.3845))
	(GEODATA , 0 , (41.9429 , -73.3716))
	(GEODATA , 0 , (41.9408 , -73.3721))
	(GEODATA , 0 , (41.9389 , -73.3737))
	(GEODATA , 0 , (41.9371 , -73.3762))
	(GEODATA , 0 , (41.9358 , -73.3795))
	(GEODATA , 0 , (41.9348 , -73.3835))
	(GEODATA , 0 , (41.9343 , -73.3878))
	(GEODATA , 0 , (41.9343 , -73.3925))
	(GEODATA , 0 , (41.9348 , -73.3971))
	(GEODATA , 0 , (41.9357 , -73.4013))
	(GEODATA , 0 , (41.9371 , -73.4052))
	(GEODATA , 0 , (41.9389 , -73.4082))
	(GEODATA , 0 , (41.9408 , -73.4103))
	(GEODATA , 0 , (41.9429 , -73.4115))
	(GEODATA , 0 , (41.945 , -73.4115))
	(GEODATA , 0 , (41.947 , -73.4105))
	(GEODATA , 0 , (41.9488 , -73.4083))
	(GEODATA , 0 , (41.9504 , -73.4052))
	(GEODATA , 0 , (41.9515 , -73.4012))
	(GEODATA , 0 , (41.9521 , -73.3969))
	(GEODATA , 0 , (41.9522 , -73.3921))
	(GEODATA , 0 , (41.9519 , -73.3875))
	(GEODATA , 0 , (41.9511 , -73.3829))
	(GEODATA , 0 , (41.9498 , -73.3788))
	(GEODATA , 0 , (41.9482 , -73.3755))
	(GEODATA , 0 , (41.9462 , -73.3732))
	(GEODATA , 0 , (41.9442 , -73.3719))
	(GEODATA , 0 , (41.9421 , -73.3717))
	(GEODATA , 0 , (41.94 , -73.3726))
	(GEODATA , 0 , (41.9381 , -73.3746))
	(GEODATA , 0 , (41.9366 , -73.3774))
	(GEODATA , 0 , (41.9353 , -73.3811))
	(GEODATA , 0 , (41.9345 , -73.3853))
	(GEODATA , 0 , (41.9343 , -73.3898))
	(GEODATA , 0 , (41.9345 , -73.3944))
	(GEODATA , 0 , (41.9352 , -73.399))
	(GEODATA , 0 , (41.9363 , -73.4031))
	(GEODATA , 0 , (41.9378 , -73.4065))
	(GEODATA , 0 , (41.9397 , -73.4092))
	(GEODATA , 0 , (41.9417 , -73.411))
	(GEODATA , 0 , (41.9438 , -73.4116))
	(GEODATA , 0 , (41.9459 , -73.4112))
	(GEODATA , 0 , (41.9479 , -73.4096))
	(GEODATA , 0 , (41.9495 , -73.4071))
	(GEODATA , 0 , (41.9509 , -73.4037))
	(GEODATA , 0 , (41.9518 , -73.3994))
	(GEODATA , 0 , (41.9522 , -73.3948))
	(GEODATA , 0 , (41.9522 , -73.3901))
	(GEODATA , 0 , (41.9516 , -73.3854))
	(GEODATA , 0 , (41.9506 , -73.381))
	(GEODATA , 0 , (41.9492 , -73.3773))
	(GEODATA , 0 , (41.9474 , -73.3744))
	(GEODATA , 0 , (41.9454 , -73.3725))
	(GEODATA , 0 , (41.9433 , -73.3717))
	(GEODATA , 0 , (41.9412 , -73.3719))
	(GEODATA , 0 , (41.9392 , -73.3733))
	(GEODATA , 0 , (41.9374 , -73.3757))
	(GEODATA , 0 , (41.936 , -73.3789))
	(GEODATA , 0 , (41.9349 , -73.3828))
	(GEODATA , 0 , (41.9344 , -73.3872))
	(GEODATA , 0 , (41.9343 , -73.3917))
	(GEODATA , 0 , (41.9347 , -73.3964))
	(GEODATA , 0 , (41.9356 , -73.4006))
	(GEODATA , 0 , (41.9369 , -73.4045))
	(GEODATA , 0 , (41.9386 , -73.4077))
	(GEODATA , 0 , (41.9404 , -73.41))
	(GEODATA , 0 , (41.9425 , -73.4114))
	(GEODATA , 0 , (41.9447 , -73.4116))
	(GEODATA , 0 , (41.9467 , -73.4107))
	(GEODATA , 0 , (41.9486 , -73.4088))
	(GEODATA , 0 , (41.9501 , -73.4058))
	(GEODATA , 0 , (41.9513 , -73.402))
	(GEODATA , 0 , (41.952 , -73.3977))
	(GEODATA , 0 , (41.9523 , -73.3929))
	(GEODATA , 0 , (41.952 , -73.3881))
	(GEODATA , 0 , (41.9513 , -73.3836))
	(GEODATA , 0 , (41.9501 , -73.3795))
	(GEODATA , 0 , (41.9485 , -73.376))
	(GEODATA , 0 , (41.9466 , -73.3735))
	(GEODATA , 0 , (41.9446 , -73.372))
	(GEODATA , 0 , (41.9424 , -73.3716))
	(GEODATA , 0 , (41.9404 , -73.3723))
	(GEODATA , 0 , (41.9385 , -73.3741))
	(GEODATA , 0 , (41.9368 , -73.3769))
	(GEODATA , 0 , (41.9355 , -73.3803))
	(GEODATA , 0 , (41.9347 , -73.3845))
	(GEODATA , 0 , (41.9343 , -73.389))
	(GEODATA , 0 , (41.9344 , -73.3935))
	(GEODATA , 0 , (41.935 , -73.3981))
	(GEODATA , 0 , (41.9361 , -73.4023))
	(GEODATA , 0 , (41.9375 , -73.4059))
	(GEODATA , 0 , (41.9393 , -73.4088))
	(GEODATA , 0 , (41.9413 , -73.4107))
	(GEODATA , 0 , (41.9434 , -73.4116))
	(GEODATA , 0 , (41.9455 , -73.4114))
	(GEODATA , 0 , (41.9475 , -73.41))
	(GEODATA , 0 , (41.9492 , -73.4077))
	(GEODATA , 0 , (41.9506 , -73.4044))
	(GEODATA , 0 , (41.9516 , -73.4004))
	(GEODATA , 0 , (41.9522 , -73.3958))
	(GEODATA , 0 , (41.9522 , -73.3911))
	(GEODATA , 0 , (41.9518 , -73.3863))
	(GEODATA , 0 , (41.9508 , -73.3818))
	(GEODATA , 0 , (41.9494 , -73.3779))
	(GEODATA , 0 , (41.9478 , -73.3749))
	(GEODATA , 0 , (41.9458 , -73.3728))
	(GEODATA , 0 , (41.9437 , -73.3718))
	(GEODATA , 0 , (41.9416 , -73.3718))
	(GEODATA , 0 , (41.9396 , -73.373))
	(GEODATA , 0 , (41.9377 , -73.3752))
	(GEODATA , 0 , (41.9362 , -73.3783))
	(GEODATA , 0 , (41.9351 , -73.382))
	(GEODATA , 0 , (41.9344 , -73.3863))
	(GEODATA , 0 , (41.9343 , -73.3909))
	(GEODATA , 0 , (41.9346 , -73.3954))
	(GEODATA , 0 , (41.9354 , -73.3999))
	(GEODATA , 0 , (41.9366 , -73.4038))
	(GEODATA , 0 , (41.9382 , -73.4072))
	(GEODATA , 0 , (41.9401 , -73.4097))
	(GEODATA , 0 , (41.9422 , -73.4112))
	(GEODATA , 0 , (41.9443 , -73.4116))
	(GEODATA , 0 , (41.9463 , -73.4109))
	(GEODATA , 0 , (41.9483 , -73.4092))
	(GEODATA , 0 , (41.9499 , -73.4063))
	(GEODATA , 0 , (41.9511 , -73.4028))
	(GEODATA , 0 , (41.9519 , -73.3985))
	(GEODATA , 0 , (41.9523 , -73.3938))
	(GEODATA , 0 , (41.9521 , -73.3891))
	(GEODATA , 0 , (41.9514 , -73.3844))
	(GEODATA , 0 , (41.9503 , -73.3801))
	(GEODATA , 0 , (41.9488 , -73.3766))
	(GEODATA , 0 , (41.947 , -73.3739))
	(GEODATA , 0 , (41.9449 , -73.3722))
	(GEODATA , 0 , (41.9428 , -73.3716))
	(GEODATA , 0 , (41.9408 , -73.3722))
	(GEODATA , 0 , (41.9388 , -73.3737))
	(GEODATA , 0 , (41.9371 , -73.3763))
	(GEODATA , 0 , (41.9357 , -73.3798))
	(GEODATA , 0 , (41.9348 , -73.3837))
	(GEODATA , 0 , (41.9343 , -73.3882))
	(GEODATA , 0 , (41.9343 , -73.3927))
	(GEODATA , 0 , (41.9348 , -73.3973))
	(GEODATA , 0 , (41.9358 , -73.4016))
	(GEODATA , 0 , (41.9373 , -73.4054))
	(GEODATA , 0 , (41.939 , -73.4083))
	(GEODATA , 0 , (41.9409 , -73.4105))
	(GEODATA , 0 , (41.9431 , -73.4115))
	(GEODATA , 0 , (41.9451 , -73.4115))
	(GEODATA , 0 , (41.9472 , -73.4103))
	(GEODATA , 0 , (41.949 , -73.4081))
	(GEODATA , 0 , (41.9504 , -73.405))
	(GEODATA , 0 , (41.9515 , -73.4011))
	(GEODATA , 0 , (41.9521 , -73.3966))
	(GEODATA , 0 , (41.9522 , -73.3919))
	(GEODATA , 0 , (41.9519 , -73.3874))
	(GEODATA , 0 , (41.9519 , -73.3874))
	(GEODATA , 0 , (41.9519 , -73.3874))
	(GEODATA , 0 , (41.9519 , -73.3874))
	(GEODATA , 0 , (41.9519 , -73.3874))
	(GEODATA , 0 , (41.9519 , -73.3874))
	(GEODATA , 0 , (41.9519 , -73.3874))
	(GEODATA , 0 , (41.9519 , -73.3874))
	(GEODATA , 0 , (41.9519 , -73.3874))
	(GEODATA , 0 , (41.9519 , -73.3874))
	(GEODATA , 0 , (41.943 , -73.3716))
	(GEODATA , 0 , (41.941 , -73.372))
	(GEODATA , 0 , (41.9391 , -73.3735))
	(GEODATA , 0 , (41.9373 , -73.3759))
	(GEODATA , 0 , (41.9359 , -73.3792))
	(GEODATA , 0 , (41.9349 , -73.3831))
	(GEODATA , 0 , (41.9343 , -73.3875))
	(GEODATA , 0 , (41.9343 , -73.392))
	(GEODATA , 0 , (41.9347 , -73.3967))
	(GEODATA , 0 , (41.9357 , -73.4011))
	(GEODATA , 0 , (41.937 , -73.4048))
	(GEODATA , 0 , (41.9387 , -73.408))
	(GEODATA , 0 , (41.9407 , -73.4102))
	(GEODATA , 0 , (41.9428 , -73.4114))
	(GEODATA , 0 , (41.9448 , -73.4116))
	(GEODATA , 0 , (41.9469 , -73.4106))
	(GEODATA , 0 , (41.9487 , -73.4085))
	(GEODATA , 0 , (41.9502 , -73.4055))
	(GEODATA , 0 , (41.9514 , -73.4017))
	(GEODATA , 0 , (41.9521 , -73.3972))
	(GEODATA , 0 , (41.9523 , -73.3925))
	(GEODATA , 0 , (41.952 , -73.3878))
	(GEODATA , 0 , (41.9512 , -73.3832))
	(GEODATA , 0 , (41.9499 , -73.3791))
	(GEODATA , 0 , (41.9483 , -73.3758))
	(GEODATA , 0 , (41.9464 , -73.3734))
	(GEODATA , 0 , (41.9444 , -73.3719))
	(GEODATA , 0 , (41.9422 , -73.3717))
	(GEODATA , 0 , (41.9402 , -73.3725))
	(GEODATA , 0 , (41.9383 , -73.3744))
	(GEODATA , 0 , (41.9366 , -73.3772))
	(GEODATA , 0 , (41.9354 , -73.3808))
	(GEODATA , 0 , (41.9346 , -73.3849))
	(GEODATA , 0 , (41.9343 , -73.3895))
	(GEODATA , 0 , (41.9344 , -73.394))
	(GEODATA , 0 , (41.9351 , -73.3985))
	(GEODATA , 0 , (41.9362 , -73.4027))
	(GEODATA , 0 , (41.9377 , -73.4063))
	(GEODATA , 0 , (41.9395 , -73.409))
	(GEODATA , 0 , (41.9415 , -73.4109))
	(GEODATA , 0 , (41.9437 , -73.4116))
	(GEODATA , 0 , (41.9457 , -73.4113))
	(GEODATA , 0 , (41.9477 , -73.4099))
	(GEODATA , 0 , (41.9494 , -73.4073))
	(GEODATA , 0 , (41.9507 , -73.404))
	(GEODATA , 0 , (41.9517 , -73.3999))
	(GEODATA , 0 , (41.9522 , -73.3953))
	(GEODATA , 0 , (41.9522 , -73.3904))
	(GEODATA , 0 , (41.9517 , -73.3858))
	(GEODATA , 0 , (41.9507 , -73.3814))
	(GEODATA , 0 , (41.9493 , -73.3776))
	(GEODATA , 0 , (41.9476 , -73.3747))
received GeoRoutingBlock with number of entries: 2
de-serializing GeoRoutingEntry