DefaultDeserializer::operator >>:  read version=6
TrackingBlock::deserialize()
	(HOPDATA , 0 , dtn://v001)
	(GEODATA , 0 , (41.9519 , -73.3584))
	(GEODATA , 0 , (41.9519 , -73.3584))
	(GEODATA , 0 , (41.9519 , -73.3584))
	(GEODATA , 0 , (41.9436 , -73.3717))
	(GEODATA , 0 , (41.9457 , -73.3712))
	(GEODATA , 0 , (41.9476 , -73.3696))
	(GEODATA , 0 , (41.9493 , -73.3671))
	(GEODATA , 0 , (41.9507 , -73.3636))
	(GEODATA , 0 , (41.9517 , -73.3596))
	(GEODATA , 0 , (41.9522 , -73.3549))
	(GEODATA , 0 , (41.9522 , -73.3501))
	(GEODATA , 0 , (41.9517 , -73.3455))
	(GEODATA , 0 , (41.9508 , -73.3411))
	(GEODATA , 0 , (41.9494 , -73.3374))
	(GEODATA , 0 , (41.9476 , -73.3345))
	(GEODATA , 0 , (41.9457 , -73.3326))
	(GEODATA , 0 , (41.9436 , -73.3318))
	(GEODATA , 0 , (41.9415 , -73.3321))
	(GEODATA , 0 , (41.9395 , -73.3334))
	(GEODATA , 0 , (41.9377 , -73.3358))
	(GEODATA , 0 , (41.9362 , -73.339))
	(GEODATA , 0 , (41.9351 , -73.3429))
	(GEODATA , 0 , (41.9344 , -73.3473))
	(GEODATA , 0 , (41.9343 , -73.3518))
	(GEODATA , 0 , (41.9346 , -73.3564))
	(GEODATA , 0 , (41.9354 , -73.3608))
	(GEODATA , 0 , (41.9366 , -73.3646))
	(GEODATA , 0 , (41.9383 , -73.3678))
	(GEODATA , 0 , (41.9402 , -73.3701))
	(GEODATA , 0 , (41.9423 , -73.3715))
	(GEODATA , 0 , (41.9444 , -73.3716))
	(GEODATA , 0 , (41.9464 , -73.3708))
	(GEODATA , 0 , (41.9483 , -73.3688))
	(GEODATA , 0 , (41.95 , -73.3658))
	(GEODATA , 0 , (41.9511 , -73.3621))
	(GEODATA , 0 , (41.9519 , -73.3577))
	(GEODATA , 0 , (41.9523 , -73.3529))
	(GEODATA , 0 , (41.9521 , -73.3483))
	(GEODATA , 0 , (41.9514 , -73.3436))
	(GEODATA , 0 , (41.9502 , -73.3395))
	(GEODATA , 0 , (41.9487 , -73.3361))
	(GEODATA , 0 , (41.9468 , -73.3336))
	(GEODATA , 0 , (41.9448 , -73.3322))
	(GEODATA , 0 , (41.9427 , -73.3318))
	(GEODATA , 0 , (41.9407 , -73.3325))
	(GEODATA , 0 , (41.9387 , -73.3343))
	(GEODATA , 0 , (41.937 , -73.3371))
	(GEODATA , 0 , (41.9357 , -73.3405))
	(GEODATA , 0 , (41.9347 , -73.3447))
	(GEODATA , 0 , (41.9343 , -73.3492))
	(GEODATA , 0 , (41.9343 , -73.3537))
	(GEODATA , 0 , (41.9349 , -73.3583))
	(GEODATA , 0 , (41.9359 , -73.3624))
	(GEODATA , 0 , (41.9373 , -73.366))
	(GEODATA , 0 , (41.939 , -73.3689))
	(GEODATA , 0 , (41.941 , -73.3708))
	(GEODATA , 0 , (41.9431 , -73.3716))
	(GEODATA , 0 , (41.9452 , -73.3714))
	(GEODATA , 0 , (41.9472 , -73.3701))
	(GEODATA , 0 , (41.949 , -73.3677))
	(GEODATA , 0 , (41.9505 , -73.3644))
	(GEODATA , 0 , (41.9515 , -73.3603))
	(GEODATA , 0 , (41.9521 , -73.3559))
	(GEODATA , 0 , (41.9522 , -73.3511))
	(GEODATA , 0 , (41.9519 , -73.3464))
	(GEODATA , 0 , (41.951 , -73.342))
	(GEODATA , 0 , (41.9497 , -73.3381))
	(GEODATA , 0 , (41.948 , -73.335))
	(GEODATA , 0 , (41.9461 , -73.3329))
	(GEODATA , 0 , (41.944 , -73.3319))
	(GEODATA , 0 , (41.9419 , -73.332))
	(GEODATA , 0 , (41.9399 , -73.3331))
	(GEODATA , 0 , (41.938 , -73.3353))
	(GEODATA , 0 , (41.9364 , -73.3384))
	(GEODATA , 0 , (41.9353 , -73.342))
	(GEODATA , 0 , (41.9345 , -73.3464))
	(GEODATA , 0 , (41.9342 , -73.3508))
	(GEODATA , 0 , (41.9345 , -73.3555))
	(GEODATA , 0 , (41.9352 , -73.36))
	(GEODATA , 0 , (41.9364 , -73.3638))
	(GEODATA , 0 , (41.9379 , -73.3672))
	(GEODATA , 0 , (41.9398 , -73.3698))
	(GEODATA , 0 , (41.9418 , -73.3712))
	(GEODATA , 0 , (41.9439 , -73.3717))
	(GEODATA , 0 , (41.946 , -73.371))
	(GEODATA , 0 , (41.9479 , -73.3693))
	(GEODATA , 0 , (41.9496 , -73.3665))
	(GEODATA , 0 , (41.9509 , -73.3629))
	(GEODATA , 0 , (41.9518 , -73.3586))
	(GEODATA , 0 , (41.9522 , -73.3541))
	(GEODATA , 0 , (41.9521 , -73.3492))
	(GEODATA , 0 , (41.9516 , -73.3445))
	(GEODATA , 0 , (41.9505 , -73.3404))
	(GEODATA , 0 , (41.9491 , -73.3368))
	(GEODATA , 0 , (41.9473 , -73.3341))
	(GEODATA , 0 , (41.9453 , -73.3324))
	(GEODATA , 0 , (41.9432 , -73.3318))
	(GEODATA , 0 , (41.9411 , -73.3323))
	(GEODATA , 0 , (41.9391 , -73.3338))
	(GEODATA , 0 , (41.9374 , -73.3364))
	(GEODATA , 0 , (41.936 , -73.3396))
	(GEODATA , 0 , (41.9349 , -73.3437))
	(GEODATA , 0 , (41.9343 , -73.3481))
	(GEODATA , 0 , (41.9343 , -73.3526))
	(GEODATA , 0 , (41.9347 , -73.3572))
	(GEODATA , 0 , (41.9356 , -73.3615))
	(GEODATA , 0 , (41.937 , -73.3653))
	(GEODATA , 0 , (41.9386 , -73.3683))
	(GEODATA , 0 , (41.9406 , -73.3705))
	(GEODATA , 0 , (41.9427 , -73.3716))
	(GEODATA , 0 , (41.9447 , -73.3716))
	(GEODATA , 0 , (41.9468 , -73.3705))
	(GEODATA , 0 , (41.9487 , -73.3683))
	(GEODATA , 0 , (41.9502 , -73.3653))
	(GEODATA , 0 , (41.9513 , -73.3613))
	(GEODATA , 0 , (41.952 , -73.3568))
	(GEODATA , 0 , (41.9523 , -73.3522))
	(GEODATA , 0 , (41.952 , -73.3474))
	(GEODATA , 0 , (41.9512 , -73.3428))
	(GEODATA , 0 , (41.95 , -73.3388))
	(GEODATA , 0 , (41.9484 , -73.3356))
	(GEODATA , 0 , (41.9465 , -73.3333))
	(GEODATA , 0 , (41.9445 , -73.332))
	(GEODATA , 0 , (41.9424 , -73.3318))
	(GEODATA , 0 , (41.9403 , -73.3328))
	(GEODATA , 0 , (41.9384 , -73.3347))
	(GEODATA , 0 , (41.9368 , -73.3376))
	(GEODATA , 0 , (41.9355 , -73.3412))
	(GEODATA , 0 , (41.9346 , -73.3455))
	(GEODATA , 0 , (41.9343 , -73.3499))
	(GEODATA , 0 , (41.9344 , -73.3546))
	(GEODATA , 0 , (41.935 , -73.3591))
	(GEODATA , 0 , (41.9361 , -73.3631))
	(GEODATA , 0 , (41.9376 , -73.3666))
	(GEODATA , 0 , (41.9394 , -73.3693))
	(GEODATA , 0 , (41.9414 , -73.371))
	(GEODATA , 0 , (41.9435 , -73.3717))
	(GEODATA , 0 , (41.9456 , -73.3712))
	(GEODATA , 0 , (41.9475 , -73.3698))
	(GEODATA , 0 , (41.9493 , -73.3672))
	(GEODATA , 0 , (41.9507 , -73.3637))
	(GEODATA , 0 , (41.9517 , -73.3595))
	(GEODATA , 0 , (41.9522 , -73.355))
	(GEODATA , 0 , (41.9522 , -73.3502))
	(GEODATA , 0 , (41.9517 , -73.3455))
	(GEODATA , 0 , (41.9507 , -73.3411))
	(GEODATA , 0 , (41.9494 , -73.3375))
	(GEODATA , 0 , (41.9477 , -73.3345))
	(GEODATA , 0 , (41.9457 , -73.3326))
	(GEODATA , 0 , (41.9436 , -73.3318))
	(GEODATA , 0 , (41.9415 , -73.3321))
	(GEODATA , 0 , (41.9395 , -73.3335))
	(GEODATA , 0 , (41.9377 , -73.3358))
	(GEODATA , 0 , (41.9362 , -73.339))
	(GEODATA , 0 , (41.9351 , -73.3428))
	(GEODATA , 0 , (41.9344 , -73.3472))
	(GEODATA , 0 , (41.9343 , -73.3518))
	(GEODATA , 0 , (41.9346 , -73.3563))
	(GEODATA , 0 , (41.9346 , -73.3565))
	(GEODATA , 0 , (41.9346 , -73.3565))
	(GEODATA , 0 , (41.9346 , -73.3565))
	(GEODATA , 0 , (41.9346 , -73.3565))
	(GEODATA , 0 , (41.9346 , -73.3565))
	(GEODATA , 0 , (41.9346 , -73.3565))
	(GEODATA , 0 , (41.9346 , -73.3565))
	(GEODATA , 0 , (41.9346 , -73.3565))
	(GEODATA , 0 , (41.9346 , -73.3565))
	(GEODATA , 0 , (41.9436 , -73.3717))
	(GEODATA , 0 , (41.9457 , -73.3712))
	(GEODATA , 0 , (41.9476 , -73.3696))
	(GEODATA , 0 , (41.9493 , -73.3671))
	(GEODATA , 0 , (41.9507 , -73.3636))
	(GEODATA , 0 , (41.9517 , -73.3594))
	(GEODATA , 0 , (41.9522 , -73.3549))
	(GEODATA , 0 , (41.9522 , -73.3501))
	(GEODATA , 0 , (41.9517 , -73.3455))
	(GEODATA , 0 , (41.9508 , -73.3411))
	(GEODATA , 0 , (41.9494 , -73.3374))
	(GEODATA , 0 , (41.9476 , -73.3345))
	(GEODATA , 0 , (41.9457 , -73.3326))
	(GEODATA , 0 , (41.9436 , -73.3318))
	(GEODATA , 0 , (41.9415 , -73.3321))
	(GEODATA , 0 , (41.9395 , -73.3334))
	(GEODATA , 0 , (41.9377 , -73.3358))
	(GEODATA , 0 , (41.9361 , -73.3391))
	(GEODATA , 0 , (41.9351 , -73.3429))
	(GEODATA , 0 , (41.9344 , -73.3473))
	(GEODATA , 0 , (41.9343 , -73.3519))
	(GEODATA , 0 , (41.9346 , -73.3564))
	(GEODATA , 0 , (41.9354 , -73.3608))
	(GEODATA , 0 , (41.9367 , -73.3647))
	(GEODATA , 0 , (41.9383 , -73.3678))
	(GEODATA , 0 , (41.9402 , -73.3701))
	(GEODATA , 0 , (41.9423 , -73.3715))
	(GEODATA , 0 , (41.9444 , -73.3716))
	(GEODATA , 0 , (41.9464 , -73.3708))
	(GEODATA , 0 , (41.9483 , -73.3688))
	(GEODATA , 0 , (41.95 , -73.3658))
	(GEODATA , 0 , (41.9511 , -73.3621))
	(GEODATA , 0 , (41.9519 , -73.3577))
	(GEODATA , 0 , (41.9523 , -73.3529))
	(GEODATA , 0 , (41.9521 , -73.3483))
	(GEODATA , 0 , (41.9514 , -73.3436))
	(GEODATA , 0 , (41.9502 , -73.3395))
	(GEODATA , 0 , (41.9487 , -73.3361))
	(GEODATA , 0 , (41.9469 , -73.3336))
	(GEODATA , 0 , (41.9448 , -73.3322))
	(GEODATA , 0 , (41.9427 , -73.3318))
	(GEODATA , 0 , (41.9407 , -73.3325))
	(GEODATA , 0 , (41.9387 , -73.3343))
	(GEODATA , 0 , (41.937 , -73.3371))
	(GEODATA , 0 , (41.9357 , -73.3405))
	(GEODATA , 0 , (41.9347 , -73.3447))
	(GEODATA , 0 , (41.9343 , -73.3492))
	(GEODATA , 0 , (41.9343 , -73.3537))
	(GEODATA , 0 , (41.9349 , -73.3583))
	(GEODATA , 0 , (41.9359 , -73.3625))
	(GEODATA , 0 , (41.9373 , -73.366))
	(GEODATA , 0 , (41.939 , -73.3689))
	(HOPDATA , 0 , dtn://v003)
	(GEODATA , 0 , (41.9346 , -73.3845))
	(GEODATA , 0 , (41.9346 , -73.3845))
	(GEODATA , 0 , (41.9346 , -73.3845))
	(GEODATA , 0 , (41.9429 , -73.3716))
	(GEODATA , 0 , (41.9408 , -73.3721))
	(GEODATA , 0 , (41.9389 , -73.3737))
	(GEODATA , 0 , (41.9371 , -73.3762))
	(GEODATA , 0 , (41.9358 , -73.3795))
	(GEODATA , 0 , (41.9348 , -73.3835))
	(GEODATA , 0 , (41.9343 , -73.3878))
	(GEODATA , 0 , (41.9343 , -73.3925))
	(GEODATA , 0 , (41.9348 , -73.3971))
	(GEODATA , 0 , (41.9357 , -73.4013))
	(GEODATA , 0 , (41.9371 , -73.4052))
	(GEODATA , 0 , (41.9389 , -73.4082))
	(GEODATA , 0 , (41.9408 , -73.4103))
	(GEODATA , 0 , (41.9429 , -73.4115))
	(GEODATA , 0 , (41.945 , -73.4115))
	(GEODATA , 0 , (41.947 , -73.4105))
	(GEODATA , 0 , (41.9488 , -73.4083))
	(GEODATA , 0 , (41.9504 , -73.4052))
	(GEODATA , 0 , (41.9515 , -73.4012))
	(GEODATA , 0 , (41.9521 , -73.3969))
	(GEODATA , 0 , (41.9522 , -73.3921))
	(GEODATA , 0 , (41.9519 , -73.3875))
	(GEODATA , 0 , (41.9511 , -73.3829))
	(GEODATA , 0 , (41.9498 , -73.3788))
	(GEODATA , 0 , (41.9482 , -73.3755))
	(GEODATA , 0 , (41.9462 , -73.3732))
	(GEODATA , 0 , (41.9442 , -73.3719))
	(GEODATA , 0 , (41.9421 , -73.3717))
	(GEODATA , 0 , (41.94 , -73.3726))
	(GEODATA , 0 , (41.9381 , -73.3746))
	(GEODATA , 0 , (41.9366 , -73.3774))
	(GEODATA , 0 , (41.9353 , -73.3811))
	(GEODATA , 0 , (41.9345 , -73.3853))
	(GEODATA , 0 , (41.9343 , -73.3898))
	(GEODATA , 0 , (41.9345 , -73.3944))
	(GEODATA , 0 , (41.9352 , -73.399))
	(GEODATA , 0 , (41.9363 , -73.4031))
	(GEODATA , 0 , (41.9378 , -73.4065))
	(GEODATA , 0 , (41.9397 , -73.4092))
	(GEODATA , 0 , (41.9417 , -73.411))
	(GEODATA , 0 , (41.9438 , -73.4116))
	(GEODATA , 0 , (41.9459 , -73.4112))
	(GEODATA , 0 , (41.9479 , -73.4096))
	(GEODATA , 0 , (41.9495 , -73.4071))
	(GEODATA , 0 , (41.9509 , -73.4037))
	(GEODATA , 0 , (41.9518 , -73.3994))
	(GEODATA , 0 , (41.9522 , -73.3948))
	(GEODATA , 0 , (41.9522 , -73.3901))
	(GEODATA , 0 , (41.9516 , -73.3854))
	(GEODATA , 0 , (41.9506 , -73.381))
	(GEODATA , 0 , (41.9492 , -73.3773))
	(GEODATA , 0 , (41.9474 , -73.3744))
	(GEODATA , 0 , (41.9454 , -73.3725))
	(GEODATA , 0 , (41.9433 , -73.3717))
	(GEODATA , 0 , (41.9412 , -73.3719))
	(GEODATA , 0 , (41.9392 , -73.3733))
	(GEODATA , 0 , (41.9374 , -73.3757))
	(GEODATA , 0 , (41.936 , -73.3789))
	(GEODATA , 0 , (41.9349 , -73.3828))
	(GEODATA , 0 , (41.9344 , -73.3872))
	(GEODATA , 0 , (41.9343 , -73.3917))
	(GEODATA , 0 , (41.9347 , -73.3964))
	(GEODATA , 0 , (41.9356 , -73.4006))
	(GEODATA , 0 , (41.9369 , -73.4045))
	(GEODATA , 0 , (41.9386 , -73.4077))
	(GEODATA , 0 , (41.9404 , -73.41))
	(GEODATA , 0 , (41.9425 , -73.4114))
	(GEODATA , 0 , (41.9447 , -73.4116))
	(GEODATA , 0 , (41.9467 , -73.4107))
	(GEODATA , 0 , (41.9486 , -73.4088))
	(GEODATA , 0 , (41.9501 , -73.4058))
	(GEODATA , 0 , (41.9513 , -73.402))
	(GEODATA , 0 , (41.952 , -73.3977))
	(GEODATA , 0 , (41.9523 , -73.3929))
	(GEODATA , 0 , (41.952 , -73.3881))
	(GEODATA , 0 , (41.9513 , -73.3836))
	(GEODATA , 0 , (41.9501 , -73.3795))
	(GEODATA , 0 , (41.9485 , -73.376))
	(GEODATA , 0 , (41.9466 , -73.3735))
	(GEODATA , 0 , (41.9446 , -73.372))
	(GEODATA , 0 , (41.9424 , -73.3716))
	(GEODATA , 0 , (41.9404 , -73.3723))
	(GEODATA , 0 , (41.9385 , -73.3741))
	(GEODATA , 0 , (41.9368 , -73.3769))
	(GEODATA , 0 , (41.9355 , -73.3803))
	(GEODATA , 0 , (41.9347 , -73.3845))
	(GEODATA , 0 , (41.9343 , -73.389))
	(GEODATA , 0 , (41.9344 , -73.3935))
	(GEODATA , 0 , (41.935 , -73.3981))
	(GEODATA , 0 , (41.9361 , -73.4023))
	(GEODATA , 0 , (41.9375 , -73.4059))
	(GEODATA , 0 , (41.9393 , -73.4088))
	(GEODATA , 0 , (41.9413 , -73.4107))
	(GEODATA , 0 , (41.9434 , -73.4116))
	(GEODATA , 0 , (41.9455 , -73.4114))
	(GEODATA , 0 , (41.9475 , -73.41))
	(GEODATA , 0 , (41.9492 , -73.4077))
	(GEODATA , 0 , (41.9506 , -73.4044))
	(GEODATA , 0 , (41.9516 , -73.4004))
	(GEODATA , 0 , (41.9522 , -73.3958))
	(GEODATA , 0 , (41.9522 , -73.3911))
	(GEODATA , 0 , (41.9518 , -73.3863))
	(GEODATA , 0 , (41.9508 , -73.3818))
	(GEODATA , 0 , (41.9494 , -73.3779))
	(GEODATA , 0 , (41.9478 , -73.3749))
	(GEODATA , 0 , (41.9458 , -73.3728))
	(GEODATA , 0 , (41.9437 , -73.3718))
	(GEODATA , 0 , (41.9416 , -73.3718))
	(GEODATA , 0 , (41.9396 , -73.373))
	(GEODATA , 0 , (41.9377 , -73.3752))
	(GEODATA , 0 , (41.9362 , -73.3783))
	(GEODATA , 0 , (41.9351 , -73.382))
	(GEODATA , 0 , (41.9344 , -73.3863))
	(GEODATA , 0 , (41.9343 , -73.3909))
	(GEODATA , 0 , (41.9346 , -73.3954))
	(GEODATA , 0 , (41.9354 , -73.3999))
	(GEODATA , 0 , (41.9366 , -73.4038))
	(GEODATA , 0 , (41.9382 , -73.4072))
	(GEODATA , 0 , (41.9401 , -73.4097))
	(GEODATA , 0 , (41.9422 , -73.4112))
	(GEODATA , 0 , (41.9443 , -73.4116))
	(GEODATA , 0 , (41.9463 , -73.4109))
	(GEODATA , 0 , (41.9483 , -73.4092))
	(GEODATA , 0 , (41.9499 , -73.4063))
	(GEODATA , 0 , (41.9511 , -73.4028))
	(GEODATA , 0 , (41.9519 , -73.3985))
	(GEODATA , 0 , (41.9523 , -73.3938))
	(GEODATA , 0 , (41.9521 , -73.3891))
	(GEODATA , 0 , (41.9514 , -73.3844))
	(GEODATA , 0 , (41.9503 , -73.3801))
	(GEODATA , 0 , (41.9488 , -73.3766))
	(GEODATA , 0 , (41.947 , -73.3739))
	(GEODATA , 0 , (41.9449 , -73.3722))
	(GEODATA , 0 , (41.9428 , -73.3716))
	(GEODATA , 0 , (41.9408 , -73.3722))
	(GEODATA , 0 , (41.9388 , -73.3737))
	(GEODATA , 0 , (41.9371 , -73.3763))
	(GEODATA , 0 , (41.9357 , -73.3798))
	(GEODATA , 0 , (41.9348 , -73.3837))
	(GEODATA , 0 , (41.9343 , -73.3882))
	(GEODATA , 0 , (41.9343 , -73.3927))
	(GEODATA , 0 , (41.9348 , -73.3973))
	(GEODATA , 0 , (41.9358 , -73.4016))
	(GEODATA , 0 , (41.9373 , -73.4054))
	(GEODATA , 0 , (41.939 , -73.4083))
	(GEODATA , 0 , (41.9409 , -73.4105))
	(GEODATA , 0 , (41.9431 , -73.4115))
	(GEODATA , 0 , (41.9451 , -73.4115))
	(GEODATA , 0 , (41.9472 , -73.4103))
	(GEODATA , 0 , (41.949 , -73.4081))
	(GEODATA , 0 , (41.9504 , -73.405))
	(GEODATA , 0 , (41.9515 , -73.4011))
	(GEODATA , 0 , (41.9521 , -73.3966))
	(GEODATA , 0 , (41.9522 , -73.3919))
	(GEODATA , 0 , (41.9519 , -73.3874))
	(GEODATA , 0 , (41.9519 , -73.3874))
	(GEODATA , 0 , (41.9519 , -73.3874))
	(GEODATA , 0 , (41.9519 , -73.3874))
	(GEODATA , 0 , (41.9519 , -73.3874))
	(GEODATA , 0 , (41.9519 , -73.3874))
	(GEODATA , 0 , (41.9519 , -73.3874))
	(GEODATA , 0 , (41.9519 , -73.3874))
	(GEODATA , 0 , (41.9519 , -73.3874))
	(GEODATA , 0 , (41.9519 , -73.3874))
	(GEODATA , 0 , (41.943 , -73.3716))
	(GEODATA , 0 , (41.941 , -73.372))
	(GEODATA , 0 , (41.9391 , -73.3735))
	(GEODATA , 0 , (41.9373 , -73.3759))
	(GEODATA , 0 , (41.9359 , -73.3792))
	(GEODATA , 0 , (41.9349 , -73.3831))
	(GEODATA , 0 , (41.9343 , -73.3875))
	(GEODATA , 0 , (41.9343 , -73.392))
	(GEODATA , 0 , (41.9347 , -73.3967))
	(GEODATA , 0 , (41.9357 , -73.4011))
	(GEODATA , 0 , (41.937 , -73.4048))
	(GEODATA , 0 , (41.9387 , -73.408))
	(GEODATA , 0 , (41.9407 , -73.4102))
	(GEODATA , 0 , (41.9428 , -73.4114))
	(GEODATA , 0 , (41.9448 , -73.4116))
	(GEODATA , 0 , (41.9469 , -73.4106))
	(GEODATA , 0 , (41.9487 , -73.4085))
	(GEODATA , 0 , (41.9502 , -73.4055))
	(GEODATA , 0 , (41.9514 , -73.4017))
	(GEODATA , 0 , (41.9521 , -73.3972))
	(GEODATA , 0 , (41.9523 , -73.3925))
	(GEODATA , 0 , (41.952 , -73.3878))
	(GEODATA , 0 , (41.9512 , -73.3832))
	(GEODATA , 0 , (41.9499 , -73.3791))
	(GEODATA , 0 , (41.9483 , -73.3758))
	(GEODATA , 0 , (41.9464 , -73.3734))
	(GEODATA , 0 , (41.9444 , -73.3719))
	(GEODATA , 0 , (41.9422 , -73.3717))
	(GEODATA , 0 , (41.9402 , -73.3725))
	(GEODATA , 0 , (41.9383 , -73.3744))
	(GEODATA , 0 , (41.9366 , -73.3772))
	(GEODATA , 0 , (41.9354 , -73.3808))
	(GEODATA , 0 , (41.9346 , -73.3849))
	(GEODATA , 0 , (41.9343 , -73.3895))
	(GEODATA , 0 , (41.9344 , -73.394))
	(GEODATA , 0 , (41.9351 , -73.3985))
	(GEODATA , 0 , (41.9362 , -73.4027))
	(GEODATA , 0 , (41.9377 , -73.4063))
	(GEODATA , 0 , (41.9395 , -73.409))
	(GEODATA , 0 , (41.9415 , -73.4109))
	(GEODATA , 0 , (41.9437 , -73.4116))
	(GEODATA , 0 , (41.9457 , -73.4113))
	(GEODATA , 0 , (41.9477 , -73.4099))
	(GEODATA , 0 , (41.9494 , -73.4073))
	(GEODATA , 0 , (41.9507 , -73.404))
	(GEODATA , 0 , (41.9517 , -73.3999))
	(GEODATA , 0 , (41.9522 , -73.3953))
	(GEODATA , 0 , (41.9522 , -73.3904))
	(GEODATA , 0 , (41.9517 , -73.3858))
	(GEODATA , 0 , (41.9507 , -73.3814))
	(GEODATA , 0 , (41.9493 , -73.3776))
	(GEODATA , 0 , (41.9476 , -73.3747))
	(GEODATA , 0 , (41.9456 , -73.3727))
	(GEODATA , 0 , (41.9435 , -73.3717))
	(GEODATA , 0 , (41.9413 , -73.3719))
	(GEODATA , 0 , (41.9394 , -73.3731))
	(GEODATA , 0 , (41.9376 , -73.3754))
	(GEODATA , 0 , (41.9361 , -73.3786))
	(GEODATA , 0 , (41.935 , -73.3824))
	(GEODATA , 0 , (41.9344 , -73.3867))
	(GEODATA , 0 , (41.9343 , -73.3914))
	(GEODATA , 0 , (41.9346 , -73.3959))
	(GEODATA , 0 , (41.9355 , -73.4003))
	(GEODATA , 0 , (41.9368 , -73.4043))
	(GEODATA , 0 , (41.9384 , -73.4075))
	(HOPDATA , 0 , dtn://v005)
	(GEODATA , 0 , (41.9519 , -73.4395))
	(GEODATA , 0 , (41.9519 , -73.4395))
	(GEODATA , 0 , (41.9519 , -73.4395))
	(GEODATA , 0 , (41.9437 , -73.4515))
	(GEODATA , 0 , (41.9457 , -73.4514))
	(GEODATA , 0 , (41.9476 , -73.4501))
	(GEODATA , 0 , (41.9494 , -73.4478))
	(GEODATA , 0 , (41.9507 , -73.4446))
	(GEODATA , 0 , (41.9517 , -73.4406))
	(GEODATA , 0 , (41.9522 , -73.436))
	(GEODATA , 0 , (41.9522 , -73.4313))
	(GEODATA , 0 , (41.9517 , -73.4265))
	(GEODATA , 0 , (41.9507 , -73.422))
	(GEODATA , 0 , (41.9493 , -73.418))
	(GEODATA , 0 , (41.9476 , -73.415))
	(GEODATA , 0 , (41.9456 , -73.4128))
	(GEODATA , 0 , (41.9435 , -73.4116))
	(GEODATA , 0 , (41.9415 , -73.4116))
	(GEODATA , 0 , (41.9394 , -73.4127))
	(GEODATA , 0 , (41.9377 , -73.4147))
	(GEODATA , 0 , (41.9361 , -73.4178))
	(GEODATA , 0 , (41.935 , -73.4215))
	(GEODATA , 0 , (41.9344 , -73.4259))
	(GEODATA , 0 , (41.9343 , -73.4303))
	(GEODATA , 0 , (41.9346 , -73.435))
	(GEODATA , 0 , (41.9355 , -73.4395))
	(GEODATA , 0 , (41.9367 , -73.4435))
	(GEODATA , 0 , (41.9383 , -73.4469))
	(GEODATA , 0 , (41.9403 , -73.4495))
	(GEODATA , 0 , (41.9423 , -73.4511))
	(GEODATA , 0 , (41.9444 , -73.4516))
	(GEODATA , 0 , (41.9465 , -73.451))
	(GEODATA , 0 , (41.9484 , -73.4493))
	(GEODATA , 0 , (41.95 , -73.4466))
	(GEODATA , 0 , (41.9512 , -73.443))
	(GEODATA , 0 , (41.952 , -73.4387))
	(GEODATA , 0 , (41.9523 , -73.4341))
	(GEODATA , 0 , (41.952 , -73.4293))
	(GEODATA , 0 , (41.9513 , -73.4246))
	(GEODATA , 0 , (41.9502 , -73.4203))
	(GEODATA , 0 , (41.9487 , -73.4167))
	(GEODATA , 0 , (41.9468 , -73.4139))
	(GEODATA , 0 , (41.9448 , -73.4122))
	(GEODATA , 0 , (41.9426 , -73.4115))
	(GEODATA , 0 , (41.9406 , -73.4119))
	(GEODATA , 0 , (41.9386 , -73.4135))
	(GEODATA , 0 , (41.9369 , -73.416))
	(GEODATA , 0 , (41.9356 , -73.4193))
	(GEODATA , 0 , (41.9347 , -73.4233))
	(GEODATA , 0 , (41.9343 , -73.4278))
	(GEODATA , 0 , (41.9343 , -73.4323))
	(GEODATA , 0 , (41.9349 , -73.437))
	(GEODATA , 0 , (41.9359 , -73.4412))
	(GEODATA , 0 , (41.9373 , -73.445))
	(GEODATA , 0 , (41.9391 , -73.4481))
	(GEODATA , 0 , (41.941 , -73.4503))
	(GEODATA , 0 , (41.9432 , -73.4514))
	(GEODATA , 0 , (41.9453 , -73.4515))
	(GEODATA , 0 , (41.9473 , -73.4505))
	(GEODATA , 0 , (41.9491 , -73.4483))
	(GEODATA , 0 , (41.9505 , -73.4452))
	(GEODATA , 0 , (41.9515 , -73.4414))
	(GEODATA , 0 , (41.9521 , -73.437))
	(GEODATA , 0 , (41.9522 , -73.4323))
	(GEODATA , 0 , (41.9518 , -73.4275))
	(GEODATA , 0 , (41.951 , -73.4229))
	(GEODATA , 0 , (41.9497 , -73.4189))
	(GEODATA , 0 , (41.948 , -73.4155))
	(GEODATA , 0 , (41.9461 , -73.4131))
	(GEODATA , 0 , (41.944 , -73.4118))
	(GEODATA , 0 , (41.9419 , -73.4115))
	(GEODATA , 0 , (41.9398 , -73.4124))
	(GEODATA , 0 , (41.938 , -73.4142))
	(GEODATA , 0 , (41.9364 , -73.4171))
	(GEODATA , 0 , (41.9352 , -73.4207))
	(GEODATA , 0 , (41.9345 , -73.425))
	(GEODATA , 0 , (41.9342 , -73.4294))
	(GEODATA , 0 , (41.9345 , -73.4341))
	(GEODATA , 0 , (41.9352 , -73.4385))
	(GEODATA , 0 , (41.9364 , -73.4427))
	(GEODATA , 0 , (41.938 , -73.4463))
	(GEODATA , 0 , (41.9398 , -73.449))
	(GEODATA , 0 , (41.9419 , -73.4508))
	(GEODATA , 0 , (41.944 , -73.4516))
	(GEODATA , 0 , (41.946 , -73.4513))
	(GEODATA , 0 , (41.948 , -73.4498))
	(GEODATA , 0 , (41.9496 , -73.4474))
	(GEODATA , 0 , (41.9509 , -73.4439))
	(GEODATA , 0 , (41.9518 , -73.4398))
	(GEODATA , 0 , (41.9522 , -73.4351))
	(GEODATA , 0 , (41.9521 , -73.4305))
	(GEODATA , 0 , (41.9516 , -73.4257))
	(GEODATA , 0 , (41.9505 , -73.4212))
	(GEODATA , 0 , (41.9491 , -73.4175))
	(GEODATA , 0 , (41.9473 , -73.4145))
	(GEODATA , 0 , (41.9453 , -73.4125))
	(GEODATA , 0 , (41.9432 , -73.4116))
	(GEODATA , 0 , (41.9411 , -73.4117))
	(GEODATA , 0 , (41.9391 , -73.413))
	(GEODATA , 0 , (41.9373 , -73.4153))
	(GEODATA , 0 , (41.9359 , -73.4184))
	(GEODATA , 0 , (41.9349 , -73.4223))
	(GEODATA , 0 , (41.9343 , -73.4265))
	(GEODATA , 0 , (41.9343 , -73.4312))
	(GEODATA , 0 , (41.9347 , -73.4359))
	(GEODATA , 0 , (41.9357 , -73.4403))
	(GEODATA , 0 , (41.937 , -73.4442))
	(GEODATA , 0 , (41.9387 , -73.4474))
	(GEODATA , 0 , (41.9406 , -73.4499))
	(GEODATA , 0 , (41.9427 , -73.4513))
	(GEODATA , 0 , (41.9448 , -73.4516))
	(GEODATA , 0 , (41.9469 , -73.4508))
	(GEODATA , 0 , (41.9487 , -73.4489))
	(GEODATA , 0 , (41.9502 , -73.446))
	(GEODATA , 0 , (41.9513 , -73.4424))
	(GEODATA , 0 , (41.952 , -73.438))
	(GEODATA , 0 , (41.9523 , -73.4333))
	(GEODATA , 0 , (41.952 , -73.4286))
	(GEODATA , 0 , (41.9512 , -73.4239))
	(GEODATA , 0 , (41.95 , -73.4197))
	(GEODATA , 0 , (41.9484 , -73.4162))
	(GEODATA , 0 , (41.9465 , -73.4136))
	(GEODATA , 0 , (41.9445 , -73.412))
	(GEODATA , 0 , (41.9423 , -73.4115))
	(GEODATA , 0 , (41.9403 , -73.4121))
	(GEODATA , 0 , (41.9384 , -73.4138))
	(GEODATA , 0 , (41.9367 , -73.4164))
	(GEODATA , 0 , (41.9354 , -73.4199))
	(GEODATA , 0 , (41.9346 , -73.4239))
	(GEODATA , 0 , (41.9343 , -73.4284))
	(GEODATA , 0 , (41.9344 , -73.4331))
	(GEODATA , 0 , (41.935 , -73.4376))
	(GEODATA , 0 , (41.9361 , -73.4419))
	(GEODATA , 0 , (41.9376 , -73.4456))
	(GEODATA , 0 , (41.9394 , -73.4485))
	(GEODATA , 0 , (41.9414 , -73.4505))
	(GEODATA , 0 , (41.9435 , -73.4515))
	(GEODATA , 0 , (41.9456 , -73.4514))
	(GEODATA , 0 , (41.9476 , -73.4502))
	(GEODATA , 0 , (41.9493 , -73.4479))
	(GEODATA , 0 , (41.9507 , -73.4447))
	(GEODATA , 0 , (41.9517 , -73.4407))
	(GEODATA , 0 , (41.9522 , -73.4363))
	(GEODATA , 0 , (41.9522 , -73.4314))
	(GEODATA , 0 , (41.9517 , -73.4266))
	(GEODATA , 0 , (41.9507 , -73.4221))
	(GEODATA , 0 , (41.9494 , -73.4182))
	(GEODATA , 0 , (41.9477 , -73.415))
	(GEODATA , 0 , (41.9457 , -73.4128))
	(GEODATA , 0 , (41.9436 , -73.4117))
	(GEODATA , 0 , (41.9415 , -73.4116))
	(GEODATA , 0 , (41.9395 , -73.4127))
	(GEODATA , 0 , (41.9377 , -73.4147))
	(GEODATA , 0 , (41.9362 , -73.4177))
	(GEODATA , 0 , (41.9351 , -73.4214))
	(GEODATA , 0 , (41.9344 , -73.4256))
	(GEODATA , 0 , (41.9343 , -73.4302))
	(GEODATA , 0 , (41.9346 , -73.4349))
	(GEODATA , 0 , (41.9346 , -73.4349))
	(GEODATA , 0 , (41.9346 , -73.4349))
	(GEODATA , 0 , (41.9346 , -73.4349))
	(GEODATA , 0 , (41.9346 , -73.4349))
	(GEODATA , 0 , (41.9346 , -73.4349))
	(GEODATA , 0 , (41.9346 , -73.4349))
	(GEODATA , 0 , (41.9346 , -73.4349))
	(GEODATA , 0 , (41.9346 , -73.4349))
	(GEODATA , 0 , (41.9346 , -73.4349))
	(GEODATA , 0 , (41.9436 , -73.4515))
	(GEODATA , 0 , (41.9457 , -73.4514))
	(GEODATA , 0 , (41.9476 , -73.4501))
	(GEODATA , 0 , (41.9493 , -73.4479))
	(GEODATA , 0 , (41.9507 , -73.4446))
	(GEODATA , 0 , (41.9517 , -73.4407))
	(GEODATA , 0 , (41.9522 , -73.4362))
	(GEODATA , 0 , (41.9522 , -73.4313))
	(GEODATA , 0 , (41.9517 , -73.4266))
	(GEODATA , 0 , (41.9508 , -73.4221))
	(GEODATA , 0 , (41.9494 , -73.4182))
	(GEODATA , 0 , (41.9476 , -73.415))
	(GEODATA , 0 , (41.9457 , -73.4128))
	(GEODATA , 0 , (41.9436 , -73.4117))
	(GEODATA , 0 , (41.9415 , -73.4116))
	(GEODATA , 0 , (41.9395 , -73.4127))
	(GEODATA , 0 , (41.9377 , -73.4147))
	(GEODATA , 0 , (41.9361 , -73.4178))
	(GEODATA , 0 , (41.935 , -73.4215))
	(GEODATA , 0 , (41.9344 , -73.4257))
	(GEODATA , 0 , (41.9343 , -73.4303))
	(GEODATA , 0 , (41.9346 , -73.435))
	(GEODATA , 0 , (41.9354 , -73.4394))
	(GEODATA , 0 , (41.9367 , -73.4435))
	(GEODATA , 0 , (41.9383 , -73.4469))
	(GEODATA , 0 , (41.9402 , -73.4494))
	(GEODATA , 0 , (41.9423 , -73.4511))
	(GEODATA , 0 , (41.9444 , -73.4516))
	(GEODATA , 0 , (41.9464 , -73.451))
	(GEODATA , 0 , (41.9483 , -73.4493))
	(GEODATA , 0 , (41.9499 , -73.4467))
	(GEODATA , 0 , (41.9511 , -73.4431))
	(GEODATA , 0 , (41.9519 , -73.4389))
	(GEODATA , 0 , (41.9523 , -73.4341))
	(GEODATA , 0 , (41.9521 , -73.4294))
	(GEODATA , 0 , (41.9514 , -73.4247))
	(GEODATA , 0 , (41.9502 , -73.4204))
	(GEODATA , 0 , (41.9487 , -73.4168))
	(GEODATA , 0 , (41.9469 , -73.414))
	(GEODATA , 0 , (41.9448 , -73.4122))
	(GEODATA , 0 , (41.9427 , -73.4115))
	(GEODATA , 0 , (41.9407 , -73.4119))
	(GEODATA , 0 , (41.9387 , -73.4134))
	(GEODATA , 0 , (41.937 , -73.4159))
	(GEODATA , 0 , (41.9357 , -73.4191))
	(GEODATA , 0 , (41.9347 , -73.4232))
	(GEODATA , 0 , (41.9343 , -73.4276))
	(GEODATA , 0 , (41.9343 , -73.4321))
	(GEODATA , 0 , (41.9349 , -73.4368))
	(GEODATA , 0 , (41.9359 , -73.4412))
	(GEODATA , 0 , (41.9373 , -73.4449))
	(GEODATA , 0 , (41.939 , -73.448))
	(GEODATA , 0 , (41.941 , -73.4503))
	(GEODATA , 0 , (41.9431 , -73.4514))
	(GEODATA , 0 , (41.9452 , -73.4515))
	(GEODATA , 0 , (41.9473 , -73.4505))
	(GEODATA , 0 , (41.949 , -73.4484))
	(GEODATA , 0 , (41.9505 , -73.4453))
	(GEODATA , 0 , (41.9515 , -73.4414))
	(GEODATA , 0 , (41.9521 , -73.4371))
	(GEODATA , 0 , (41.9522 , -73.4323))
	(GEODATA , 0 , (41.9518 , -73.4275))
	(GEODATA , 0 , (41.951 , -73.423))
	(GEODATA , 0 , (41.9497 , -73.4189))
	(GEODATA , 0 , (41.948 , -73.4155))
	(GEODATA , 0 , (41.9461 , -73.4131))
	(GEODATA , 0 , (41.944 , -73.4118))
	(GEODATA , 0 , (41.9419 , -73.4115))
	(GEODATA , 0 , (41.9398 , -73.4124))
	(GEODATA , 0 , (41.938 , -73.4142))
	(GEODATA , 0 , (41.9364 , -73.4171))
	(GEODATA , 0 , (41.9352 , -73.4207))
	(GEODATA , 0 , (41.9345 , -73.4248))
	(GEODATA , 0 , (41.9342 , -73.4294))
	(GEODATA , 0 , (41.9345 , -73.4341))
	(GEODATA , 0 , (41.9352 , -73.4385))
	(GEODATA , 0 , (41.9364 , -73.4427))
	(GEODATA , 0 , (41.938 , -73.4463))
	(GEODATA , 0 , (41.9398 , -73.449))
	(GEODATA , 0 , (41.9419 , -73.4508))
	(GEODATA , 0 , (41.944 , -73.4516))
	(GEODATA , 0 , (41.946 , -73.4513))
	(GEODATA , 0 , (41.948 , -73.4498))
	(GEODATA , 0 , (41.9497 , -73.4473))
	(GEODATA , 0 , (41.9509 , -73.4439))
	(HOPDATA , 0 , dtn://v006)
	(GEODATA , 0 , (41.9527 , -73.4278))
	(GEODATA , 0 , (41.9527 , -73.4278))
	(GEODATA , 0 , (41.9527 , -73.4278))
	(GEODATA , 0 , (41.9608 , -73.4152))
	(GEODATA , 0 , (41.9588 , -73.4155))
	(GEODATA , 0 , (41.9568 , -73.417))
	(GEODATA , 0 , (41.9551 , -73.4195))
	(GEODATA , 0 , (41.9537 , -73.4228))
	(GEODATA , 0 , (41.9528 , -73.4269))
	(GEODATA , 0 , (41.9523 , -73.4314))
	(GEODATA , 0 , (41.9523 , -73.4362))
	(GEODATA , 0 , (41.9528 , -73.441))
	(GEODATA , 0 , (41.9538 , -73.4455))
	(GEODATA , 0 , (41.9552 , -73.4495))
	(GEODATA , 0 , (41.9569 , -73.4529))
	(GEODATA , 0 , (41.9589 , -73.4552))
	(GEODATA , 0 , (41.961 , -73.4565))
	(GEODATA , 0 , (41.9631 , -73.4568))
	(GEODATA , 0 , (41.9651 , -73.4558))
	(GEODATA , 0 , (41.9669 , -73.4537))
	(GEODATA , 0 , (41.9684 , -73.4506))
	(GEODATA , 0 , (41.9695 , -73.4467))
	(GEODATA , 0 , (41.9701 , -73.4421))
	(GEODATA , 0 , (41.9702 , -73.4372))
	(GEODATA , 0 , (41.9699 , -73.4323))
	(GEODATA , 0 , (41.9691 , -73.4275))
	(GEODATA , 0 , (41.9678 , -73.4232))
	(GEODATA , 0 , (41.9662 , -73.4197))
	(GEODATA , 0 , (41.9642 , -73.4171))
	(GEODATA , 0 , (41.9622 , -73.4156))
	(GEODATA , 0 , (41.96 , -73.4152))
	(GEODATA , 0 , (41.958 , -73.416))
	(GEODATA , 0 , (41.9561 , -73.4178))
	(GEODATA , 0 , (41.9545 , -73.4207))
	(GEODATA , 0 , (41.9533 , -73.4244))
	(GEODATA , 0 , (41.9525 , -73.4286))
	(GEODATA , 0 , (41.9523 , -73.4334))
	(GEODATA , 0 , (41.9525 , -73.4382))
	(GEODATA , 0 , (41.9532 , -73.4428))
	(GEODATA , 0 , (41.9543 , -73.4472))
	(GEODATA , 0 , (41.9559 , -73.451))
	(GEODATA , 0 , (41.9577 , -73.454))
	(GEODATA , 0 , (41.9597 , -73.4559))
	(GEODATA , 0 , (41.9619 , -73.4568))
	(GEODATA , 0 , (41.964 , -73.4565))
	(GEODATA , 0 , (41.9659 , -73.4551))
	(GEODATA , 0 , (41.9676 , -73.4525))
	(GEODATA , 0 , (41.9689 , -73.4492))
	(GEODATA , 0 , (41.9698 , -73.4449))
	(GEODATA , 0 , (41.9702 , -73.4401))
	(GEODATA , 0 , (41.9702 , -73.4352))
	(GEODATA , 0 , (41.9696 , -73.4302))
	(GEODATA , 0 , (41.9686 , -73.4256))
	(GEODATA , 0 , (41.9672 , -73.4217))
	(GEODATA , 0 , (41.9654 , -73.4185))
	(GEODATA , 0 , (41.9634 , -73.4163))
	(GEODATA , 0 , (41.9613 , -73.4153))
	(GEODATA , 0 , (41.9592 , -73.4154))
	(GEODATA , 0 , (41.9573 , -73.4166))
	(GEODATA , 0 , (41.9555 , -73.4188))
	(GEODATA , 0 , (41.954 , -73.4221))
	(GEODATA , 0 , (41.9529 , -73.4261))
	(GEODATA , 0 , (41.9524 , -73.4304))
	(GEODATA , 0 , (41.9523 , -73.4352))
	(GEODATA , 0 , (41.9527 , -73.4401))
	(GEODATA , 0 , (41.9536 , -73.4446))
	(GEODATA , 0 , (41.9549 , -73.4488))
	(GEODATA , 0 , (41.9566 , -73.4522))
	(GEODATA , 0 , (41.9585 , -73.4548))
	(GEODATA , 0 , (41.9606 , -73.4564))
	(GEODATA , 0 , (41.9627 , -73.4568))
	(GEODATA , 0 , (41.9647 , -73.4561))
	(GEODATA , 0 , (41.9666 , -73.4542))
	(GEODATA , 0 , (41.9681 , -73.4513))
	(GEODATA , 0 , (41.9693 , -73.4476))
	(GEODATA , 0 , (41.97 , -73.4431))
	(GEODATA , 0 , (41.9703 , -73.4384))
	(GEODATA , 0 , (41.97 , -73.4333))
	(GEODATA , 0 , (41.9693 , -73.4284))
	(GEODATA , 0 , (41.9681 , -73.4241))
	(GEODATA , 0 , (41.9665 , -73.4204))
	(GEODATA , 0 , (41.9647 , -73.4175))
	(GEODATA , 0 , (41.9627 , -73.4158))
	(GEODATA , 0 , (41.9605 , -73.4152))
	(GEODATA , 0 , (41.9584 , -73.4157))
	(GEODATA , 0 , (41.9565 , -73.4173))
	(GEODATA , 0 , (41.9549 , -73.42))
	(GEODATA , 0 , (41.9535 , -73.4235))
	(GEODATA , 0 , (41.9527 , -73.4277))
	(GEODATA , 0 , (41.9523 , -73.4323))
	(GEODATA , 0 , (41.9524 , -73.4371))
	(GEODATA , 0 , (41.953 , -73.4419))
	(GEODATA , 0 , (41.954 , -73.4462))
	(GEODATA , 0 , (41.9555 , -73.4502))
	(GEODATA , 0 , (41.9573 , -73.4534))
	(GEODATA , 0 , (41.9593 , -73.4556))
	(GEODATA , 0 , (41.9614 , -73.4567))
	(GEODATA , 0 , (41.9635 , -73.4567))
	(GEODATA , 0 , (41.9654 , -73.4555))
	(GEODATA , 0 , (41.9672 , -73.4532))
	(GEODATA , 0 , (41.9686 , -73.45))
	(GEODATA , 0 , (41.9696 , -73.446))
	(GEODATA , 0 , (41.9702 , -73.4413))
	(GEODATA , 0 , (41.9702 , -73.4362))
	(GEODATA , 0 , (41.9698 , -73.4314))
	(GEODATA , 0 , (41.9689 , -73.4267))
	(GEODATA , 0 , (41.9675 , -73.4225))
	(GEODATA , 0 , (41.9658 , -73.4191))
	(GEODATA , 0 , (41.9639 , -73.4167))
	(GEODATA , 0 , (41.9618 , -73.4154))
	(GEODATA , 0 , (41.9596 , -73.4153))
	(GEODATA , 0 , (41.9576 , -73.4162))
	(GEODATA , 0 , (41.9558 , -73.4183))
	(GEODATA , 0 , (41.9543 , -73.4214))
	(GEODATA , 0 , (41.9532 , -73.425))
	(GEODATA , 0 , (41.9525 , -73.4295))
	(GEODATA , 0 , (41.9523 , -73.4342))
	(GEODATA , 0 , (41.9526 , -73.439))
	(GEODATA , 0 , (41.9533 , -73.4437))
	(GEODATA , 0 , (41.9546 , -73.4479))
	(GEODATA , 0 , (41.9561 , -73.4515))
	(GEODATA , 0 , (41.958 , -73.4543))
	(GEODATA , 0 , (41.9601 , -73.4561))
	(GEODATA , 0 , (41.9623 , -73.4568))
	(GEODATA , 0 , (41.9643 , -73.4564))
	(GEODATA , 0 , (41.9662 , -73.4547))
	(GEODATA , 0 , (41.9678 , -73.452))
	(GEODATA , 0 , (41.9691 , -73.4484))
	(GEODATA , 0 , (41.9699 , -73.4441))
	(GEODATA , 0 , (41.9703 , -73.4392))
	(GEODATA , 0 , (41.9701 , -73.4343))
	(GEODATA , 0 , (41.9695 , -73.4294))
	(GEODATA , 0 , (41.9684 , -73.425))
	(GEODATA , 0 , (41.9669 , -73.4211))
	(GEODATA , 0 , (41.9651 , -73.418))
	(GEODATA , 0 , (41.963 , -73.416))
	(GEODATA , 0 , (41.961 , -73.4152))
	(GEODATA , 0 , (41.9588 , -73.4155))
	(GEODATA , 0 , (41.9569 , -73.417))
	(GEODATA , 0 , (41.9552 , -73.4194))
	(GEODATA , 0 , (41.9538 , -73.4227))
	(GEODATA , 0 , (41.9528 , -73.4268))
	(GEODATA , 0 , (41.9523 , -73.4313))
	(GEODATA , 0 , (41.9523 , -73.4361))
	(GEODATA , 0 , (41.9528 , -73.4409))
	(GEODATA , 0 , (41.9538 , -73.4454))
	(GEODATA , 0 , (41.9552 , -73.4494))
	(GEODATA , 0 , (41.9569 , -73.4528))
	(GEODATA , 0 , (41.9589 , -73.4552))
	(GEODATA , 0 , (41.9609 , -73.4565))
	(GEODATA , 0 , (41.9631 , -73.4568))
	(GEODATA , 0 , (41.9651 , -73.4558))
	(GEODATA , 0 , (41.9669 , -73.4538))
	(GEODATA , 0 , (41.9684 , -73.4507))
	(GEODATA , 0 , (41.9694 , -73.4468))
	(GEODATA , 0 , (41.9701 , -73.4423))
	(GEODATA , 0 , (41.9702 , -73.4373))
	(GEODATA , 0 , (41.9699 , -73.4324))
	(GEODATA , 0 , (41.9699 , -73.4324))
	(GEODATA , 0 , (41.9699 , -73.4324))
	(GEODATA , 0 , (41.9699 , -73.4324))
	(GEODATA , 0 , (41.9699 , -73.4324))
	(GEODATA , 0 , (41.9699 , -73.4324))
	(GEODATA , 0 , (41.9699 , -73.4324))
	(GEODATA , 0 , (41.9699 , -73.4324))
	(GEODATA , 0 , (41.9699 , -73.4324))
	(GEODATA , 0 , (41.9699 , -73.4324))
	(GEODATA , 0 , (41.9608 , -73.4152))
	(GEODATA , 0 , (41.9588 , -73.4155))
	(GEODATA , 0 , (41.9568 , -73.417))
	(GEODATA , 0 , (41.9551 , -73.4194))
	(GEODATA , 0 , (41.9537 , -73.4228))
	(GEODATA , 0 , (41.9528 , -73.4269))
	(GEODATA , 0 , (41.9523 , -73.4314))
	(GEODATA , 0 , (41.9523 , -73.4362))
	(GEODATA , 0 , (41.9528 , -73.4409))
	(GEODATA , 0 , (41.9538 , -73.4455))
	(GEODATA , 0 , (41.9552 , -73.4495))
	(GEODATA , 0 , (41.9569 , -73.4529))
	(GEODATA , 0 , (41.9589 , -73.4553))
	(GEODATA , 0 , (41.961 , -73.4565))
	(GEODATA , 0 , (41.9631 , -73.4568))
	(GEODATA , 0 , (41.9651 , -73.4558))
	(GEODATA , 0 , (41.9669 , -73.4537))
	(GEODATA , 0 , (41.9684 , -73.4506))
	(GEODATA , 0 , (41.9695 , -73.4466))
	(GEODATA , 0 , (41.9701 , -73.4421))
	(GEODATA , 0 , (41.9702 , -73.4372))
	(GEODATA , 0 , (41.9699 , -73.4321))
	(GEODATA , 0 , (41.9691 , -73.4275))
	(GEODATA , 0 , (41.9678 , -73.4232))
	(GEODATA , 0 , (41.9661 , -73.4196))
	(GEODATA , 0 , (41.9642 , -73.4171))
	(GEODATA , 0 , (41.9622 , -73.4156))
	(GEODATA , 0 , (41.96 , -73.4152))
	(GEODATA , 0 , (41.958 , -73.416))
	(GEODATA , 0 , (41.9561 , -73.4178))
	(GEODATA , 0 , (41.9545 , -73.4207))
	(GEODATA , 0 , (41.9533 , -73.4244))
	(GEODATA , 0 , (41.9525 , -73.4286))
	(GEODATA , 0 , (41.9523 , -73.4334))
	(GEODATA , 0 , (41.9525 , -73.4382))
	(GEODATA , 0 , (41.9532 , -73.4428))
	(GEODATA , 0 , (41.9543 , -73.4472))
	(GEODATA , 0 , (41.9559 , -73.451))
	(GEODATA , 0 , (41.9577 , -73.454))
	(GEODATA , 0 , (41.9597 , -73.4559))
	(GEODATA , 0 , (41.9619 , -73.4568))
	(GEODATA , 0 , (41.964 , -73.4565))
	(GEODATA , 0 , (41.9659 , -73.4551))
	(GEODATA , 0 , (41.9676 , -73.4525))
	(GEODATA , 0 , (41.9689 , -73.449))
	(GEODATA , 0 , (41.9698 , -73.4449))
	(GEODATA , 0 , (41.9702 , -73.4401))
	(GEODATA , 0 , (41.9702 , -73.4351))
	(GEODATA , 0 , (41.9696 , -73.4302))
	(GEODATA , 0 , (41.9686 , -73.4256))
	(GEODATA , 0 , (41.9672 , -73.4217))
	(GEODATA , 0 , (41.9654 , -73.4185))
	(GEODATA , 0 , (41.9634 , -73.4163))
	(GEODATA , 0 , (41.9613 , -73.4153))
	(GEODATA , 0 , (41.9592 , -73.4154))
	(GEODATA , 0 , (41.9572 , -73.4166))
	(GEODATA , 0 , (41.9554 , -73.4189))
	(GEODATA , 0 , (41.954 , -73.4221))
	(GEODATA , 0 , (41.9529 , -73.4261))
	(GEODATA , 0 , (41.9524 , -73.4306))
	(GEODATA , 0 , (41.9523 , -73.4352))
	(GEODATA , 0 , (41.9527 , -73.4401))
	(GEODATA , 0 , (41.9536 , -73.4447))
	(GEODATA , 0 , (41.9549 , -73.4489))
	(GEODATA , 0 , (41.9566 , -73.4522))
	(GEODATA , 0 , (41.9585 , -73.4548))
	(GEODATA , 0 , (41.9606 , -73.4564))
	(GEODATA , 0 , (41.9627 , -73.4568))
	(GEODATA , 0 , (41.9648 , -73.4561))
	(GEODATA , 0 , (41.9666 , -73.4542))
	(GEODATA , 0 , (41.9681 , -73.4513))
	(GEODATA , 0 , (41.9693 , -73.4474))
	(GEODATA , 0 , (41.97 , -73.4431))
	(GEODATA , 0 , (41.9703 , -73.4382))
	(GEODATA , 0 , (41.97 , -73.4331))
	(GEODATA , 0 , (41.9693 , -73.4284))
	(GEODATA , 0 , (41.9681 , -73.424))
	(GEODATA , 0 , (41.9665 , -73.4203))
	(GEODATA , 0 , (41.9647 , -73.4175))
	(GEODATA , 0 , (41.9626 , -73.4158))
	(GEODATA , 0 , (41.9604 , -73.4152))
	(GEODATA , 0 , (41.9584 , -73.4157))
	(GEODATA , 0 , (41.9565 , -73.4174))
	(GEODATA , 0 , (41.9548 , -73.4201))
	(GEODATA , 0 , (41.9535 , -73.4236))
	(GEODATA , 0 , (41.9526 , -73.4279))
	(GEODATA , 0 , (41.9523 , -73.4324))
	(HOPDATA , 0 , dtn://v005)
	(GEODATA , 0 , (41.9519 , -73.4395))
	(GEODATA , 0 , (41.9519 , -73.4395))
	(GEODATA , 0 , (41.9519 , -73.4395))
	(GEODATA , 0 , (41.9437 , -73.4515))
	(GEODATA , 0 , (41.9457 , -73.4514))
	(GEODATA , 0 , (41.9476 , -73.4501))
	(GEODATA , 0 , (41.9494 , -73.4478))
	(GEODATA , 0 , (41.9507 , -73.4446))
	(GEODATA , 0 , (41.9517 , -73.4406))
	(GEODATA , 0 , (41.9522 , -73.436))
	(GEODATA , 0 , (41.9522 , -73.4313))
	(GEODATA , 0 , (41.9517 , -73.4265))
	(GEODATA , 0 , (41.9507 , -73.422))
	(GEODATA , 0 , (41.9493 , -73.418))
	(GEODATA , 0 , (41.9476 , -73.415))
	(GEODATA , 0 , (41.9456 , -73.4128))
	(GEODATA , 0 , (41.9435 , -73.4116))
	(GEODATA , 0 , (41.9415 , -73.4116))
	(GEODATA , 0 , (41.9394 , -73.4127))
	(GEODATA , 0 , (41.9377 , -73.4147))
	(GEODATA , 0 , (41.9361 , -73.4178))
	(GEODATA , 0 , (41.935 , -73.4215))
	(GEODATA , 0 , (41.9344 , -73.4259))
	(GEODATA , 0 , (41.9343 , -73.4303))
	(GEODATA , 0 , (41.9346 , -73.435))
	(GEODATA , 0 , (41.9355 , -73.4395))
	(GEODATA , 0 , (41.9367 , -73.4435))
	(GEODATA , 0 , (41.9383 , -73.4469))
	(GEODATA , 0 , (41.9403 , -73.4495))
	(GEODATA , 0 , (41.9423 , -73.4511))
	(GEODATA , 0 , (41.9444 , -73.4516))
	(GEODATA , 0 , (41.9465 , -73.451))
	(GEODATA , 0 , (41.9484 , -73.4493))
	(GEODATA , 0 , (41.95 , -73.4466))
	(GEODATA , 0 , (41.9512 , -73.443))
	(GEODATA , 0 , (41.952 , -73.4387))
	(GEODATA , 0 , (41.9523 , -73.4341))
	(GEODATA , 0 , (41.952 , -73.4293))
	(GEODATA , 0 , (41.9513 , -73.4246))
	(GEODATA , 0 , (41.9502 , -73.4203))
	(GEODATA , 0 , (41.9487 , -73.4167))
	(GEODATA , 0 , (41.9468 , -73.4139))
	(GEODATA , 0 , (41.9448 , -73.4122))
	(GEODATA , 0 , (41.9426 , -73.4115))
	(GEODATA , 0 , (41.9406 , -73.4119))
	(GEODATA , 0 , (41.9386 , -73.4135))
	(GEODATA , 0 , (41.9369 , -73.416))
	(GEODATA , 0 , (41.9356 , -73.4193))
	(GEODATA , 0 , (41.9347 , -73.4233))
	(GEODATA , 0 , (41.9343 , -73.4278))
	(GEODATA , 0 , (41.9343 , -73.4323))
	(GEODATA , 0 , (41.9349 , -73.437))
	(GEODATA , 0 , (41.9359 , -73.4412))
	(GEODATA , 0 , (41.9373 , -73.445))
	(GEODATA , 0 , (41.9391 , -73.4481))
	(GEODATA , 0 , (41.941 , -73.4503))
	(GEODATA , 0 , (41.9432 , -73.4514))
	(GEODATA , 0 , (41.9453 , -73.4515))
	(GEODATA , 0 , (41.9473 , -73.4505))
	(GEODATA , 0 , (41.9491 , -73.4483))
	(GEODATA , 0 , (41.9505 , -73.4452))
	(GEODATA , 0 , (41.9515 , -73.4414))
	(GEODATA , 0 , (41.9521 , -73.437))
	(GEODATA , 0 , (41.9522 , -73.4323))
	(GEODATA , 0 , (41.9518 , -73.4275))
	(GEODATA , 0 , (41.951 , -73.4229))
	(GEODATA , 0 , (41.9497 , -73.4189))
	(GEODATA , 0 , (41.948 , -73.4155))
	(GEODATA , 0 , (41.9461 , -73.4131))
	(GEODATA , 0 , (41.944 , -73.4118))
	(GEODATA , 0 , (41.9419 , -73.4115))
	(GEODATA , 0 , (41.9398 , -73.4124))
	(GEODATA , 0 , (41.938 , -73.4142))
	(GEODATA , 0 , (41.9364 , -73.4171))
	(GEODATA , 0 , (41.9352 , -73.4207))
	(GEODATA , 0 , (41.9345 , -73.425))
	(GEODATA , 0 , (41.9342 , -73.4294))
	(GEODATA , 0 , (41.9345 , -73.4341))
	(GEODATA , 0 , (41.9352 , -73.4385))
	(GEODATA , 0 , (41.9364 , -73.4427))
	(GEODATA , 0 , (41.938 , -73.4463))
	(GEODATA , 0 , (41.9398 , -73.449))
	(GEODATA , 0 , (41.9419 , -73.4508))
	(GEODATA , 0 , (41.944 , -73.4516))
	(GEODATA , 0 , (41.946 , -73.4513))
	(GEODATA , 0 , (41.948 , -73.4498))
	(GEODATA , 0 , (41.9496 , -73.4474))
	(GEODATA , 0 , (41.9509 , -73.4439))
	(GEODATA , 0 , (41.9518 , -73.4398))
	(GEODATA , 0 , (41.9522 , -73.4351))
	(GEODATA , 0 , (41.9521 , -73.4305))
	(GEODATA , 0 , (41.9516 , -73.4257))
	(GEODATA , 0 , (41.9505 , -73.4212))
	(GEODATA , 0 , (41.9491 , -73.4175))
	(GEODATA , 0 , (41.9473 , -73.4145))
	(GEODATA , 0 , (41.9453 , -73.4125))
	(GEODATA , 0 , (41.9432 , -73.4116))
	(GEODATA , 0 , (41.9411 , -73.4117))
	(GEODATA , 0 , (41.9391 , -73.413))
	(GEODATA , 0 , (41.9373 , -73.4153))
	(GEODATA , 0 , (41.9359 , -73.4184))
	(GEODATA , 0 , (41.9349 , -73.4223))
	(GEODATA , 0 , (41.9343 , -73.4265))
	(GEODATA , 0 , (41.9343 , -73.4312))
	(GEODATA , 0 , (41.9347 , -73.4359))
	(GEODATA , 0 , (41.9357 , -73.4403))
	(GEODATA , 0 , (41.937 , -73.4442))
	(GEODATA , 0 , (41.9387 , -73.4474))
	(GEODATA , 0 , (41.9406 , -73.4499))
	(GEODATA , 0 , (41.9427 , -73.4513))
	(GEODATA , 0 , (41.9448 , -73.4516))
	(GEODATA , 0 , (41.9469 , -73.4508))
	(GEODATA , 0 , (41.9487 , -73.4489))
	(GEODATA , 0 , (41.9502 , -73.446))
	(GEODATA , 0 , (41.9513 , -73.4424))
	(GEODATA , 0 , (41.952 , -73.438))
	(GEODATA , 0 , (41.9523 , -73.4333))
	(GEODATA , 0 , (41.952 , -73.4286))
	(GEODATA , 0 , (41.9512 , -73.4239))
	(GEODATA , 0 , (41.95 , -73.4197))
	(GEODATA , 0 , (41.9484 , -73.4162))
	(GEODATA , 0 , (41.9465 , -73.4136))
	(GEODATA , 0 , (41.9445 , -73.412))
	(GEODATA , 0 , (41.9423 , -73.4115))
	(GEODATA , 0 , (41.9403 , -73.4121))
	(GEODATA , 0 , (41.9384 , -73.4138))
	(GEODATA , 0 , (41.9367 , -73.4164))
	(GEODATA , 0 , (41.9354 , -73.4199))
	(GEODATA , 0 , (41.9346 , -73.4239))
	(GEODATA , 0 , (41.9343 , -73.4284))
	(GEODATA , 0 , (41.9344 , -73.4331))
	(GEODATA , 0 , (41.935 , -73.4376))
	(GEODATA , 0 , (41.9361 , -73.4419))
	(GEODATA , 0 , (41.9376 , -73.4456))
	(GEODATA , 0 , (41.9394 , -73.4485))
	(GEODATA , 0 , (41.9414 , -73.4505))
	(GEODATA , 0 , (41.9435 , -73.4515))
	(GEODATA , 0 , (41.9456 , -73.4514))
	(GEODATA , 0 , (41.9476 , -73.4502))
	(GEODATA , 0 , (41.9493 , -73.4479))
	(GEODATA , 0 , (41.9507 , -73.4447))
	(GEODATA , 0 , (41.9517 , -73.4407))
	(GEODATA , 0 , (41.9522 , -73.4363))
	(GEODATA , 0 , (41.9522 , -73.4314))
	(GEODATA , 0 , (41.9517 , -73.4266))
	(GEODATA , 0 , (41.9507 , -73.4221))
	(GEODATA , 0 , (41.9494 , -73.4182))
	(GEODATA , 0 , (41.9477 , -73.415))
	(GEODATA , 0 , (41.9457 , -73.4128))
	(GEODATA , 0 , (41.9436 , -73.4117))
	(GEODATA , 0 , (41.9415 , -73.4116))
	(GEODATA , 0 , (41.9395 , -73.4127))
	(GEODATA , 0 , (41.9377 , -73.4147))
	(GEODATA , 0 , (41.9362 , -73.4177))
	(GEODATA , 0 , (41.9351 , -73.4214))
	(GEODATA , 0 , (41.9344 , -73.4256))
	(GEODATA , 0 , (41.9343 , -73.4302))
	(GEODATA , 0 , (41.9346 , -73.4349))
	(GEODATA , 0 , (41.9346 , -73.4349))
	(GEODATA , 0 , (41.9346 , -73.4349))
	(GEODATA , 0 , (41.9346 , -73.4349))
	(GEODATA , 0 , (41.9346 , -73.4349))
	(GEODATA , 0 , (41.9346 , -73.4349))
	(GEODATA , 0 , (41.9346 , -73.4349))
	(GEODATA , 0 , (41.9346 , -73.4349))
	(GEODATA , 0 , (41.9346 , -73.4349))
	(GEODATA , 0 , (41.9346 , -73.4349))
	(GEODATA , 0 , (41.9436 , -73.4515))
	(GEODATA , 0 , (41.9457 , -73.4514))
	(GEODATA , 0 , (41.9476 , -73.4501))
	(GEODATA , 0 , (41.9493 , -73.4479))
	(GEODATA , 0 , (41.9507 , -73.4446))
	(GEODATA , 0 , (41.9517 , -73.4407))
	(GEODATA , 0 , (41.9522 , -73.4362))
	(GEODATA , 0 , (41.9522 , -73.4313))
	(GEODATA , 0 , (41.9517 , -73.4266))
	(GEODATA , 0 , (41.9508 , -73.4221))
	(GEODATA , 0 , (41.9494 , -73.4182))
	(GEODATA , 0 , (41.9476 , -73.415))
	(GEODATA , 0 , (41.9457 , -73.4128))
	(GEODATA , 0 , (41.9436 , -73.4117))
	(GEODATA , 0 , (41.9415 , -73.4116))
	(GEODATA , 0 , (41.9395 , -73.4127))
	(GEODATA , 0 , (41.9377 , -73.4147))
	(GEODATA , 0 , (41.9361 , -73.4178))
	(GEODATA , 0 , (41.935 , -73.4215))
	(GEODATA , 0 , (41.9344 , -73.4257))
	(GEODATA , 0 , (41.9343 , -73.4303))
	(GEODATA , 0 , (41.9346 , -73.435))
	(GEODATA , 0 , (41.9354 , -73.4394))
	(GEODATA , 0 , (41.9367 , -73.4435))
	(GEODATA , 0 , (41.9383 , -73.4469))
	(GEODATA , 0 , (41.9402 , -73.4494))
	(GEODATA , 0 , (41.9423 , -73.4511))
	(GEODATA , 0 , (41.9444 , -73.4516))
	(GEODATA , 0 , (41.9464 , -73.451))
	(GEODATA , 0 , (41.9483 , -73.4493))
	(GEODATA , 0 , (41.9499 , -73.4467))
	(GEODATA , 0 , (41.9511 , -73.4431))
	(GEODATA , 0 , (41.9519 , -73.4389))
	(GEODATA , 0 , (41.9523 , -73.4341))
	(GEODATA , 0 , (41.9521 , -73.4294))
	(GEODATA , 0 , (41.9514 , -73.4247))
	(GEODATA , 0 , (41.9502 , -73.4204))
	(GEODATA , 0 , (41.9487 , -73.4168))
	(GEODATA , 0 , (41.9469 , -73.414))
	(GEODATA , 0 , (41.9448 , -73.4122))
	(GEODATA , 0 , (41.9427 , -73.4115))
	(GEODATA , 0 , (41.9407 , -73.4119))
	(GEODATA , 0 , (41.9387 , -73.4134))
	(GEODATA , 0 , (41.937 , -73.4159))
	(GEODATA , 0 , (41.9357 , -73.4191))
	(GEODATA , 0 , (41.9347 , -73.4232))
	(GEODATA , 0 , (41.9343 , -73.4276))
	(GEODATA , 0 , (41.9343 , -73.4321))
	(GEODATA , 0 , (41.9349 , -73.4368))
	(GEODATA , 0 , (41.9359 , -73.4412))
	(GEODATA , 0 , (41.9373 , -73.4449))
	(GEODATA , 0 , (41.939 , -73.448))
	(GEODATA , 0 , (41.941 , -73.4503))
	(GEODATA , 0 , (41.9431 , -73.4514))
	(GEODATA , 0 , (41.9452 , -73.4515))
	(GEODATA , 0 , (41.9473 , -73.4505))
	(GEODATA , 0 , (41.949 , -73.4484))
	(GEODATA , 0 , (41.9505 , -73.4453))
	(GEODATA , 0 , (41.9515 , -73.4414))
	(GEODATA , 0 , (41.9521 , -73.4371))
	(GEODATA , 0 , (41.9522 , -73.4323))
	(GEODATA , 0 , (41.9518 , -73.4275))
	(GEODATA , 0 , (41.951 , -73.423))
	(GEODATA , 0 , (41.9497 , -73.4189))
	(GEODATA , 0 , (41.948 , -73.4155))
	(GEODATA , 0 , (41.9461 , -73.4131))
	(GEODATA , 0 , (41.944 , -73.4118))
	(GEODATA , 0 , (41.9419 , -73.4115))
	(GEODATA , 0 , (41.9398 , -73.4124))
	(GEODATA , 0 , (41.938 , -73.4142))
	(GEODATA , 0 , (41.9364 , -73.4171))
	(GEODATA , 0 , (41.9352 , -73.4207))
	(GEODATA , 0 , (41.9345 , -73.4248))
	(GEODATA , 0 , (41.9342 , -73.4294))
	(GEODATA , 0 , (41.9345 , -73.4341))
	(GEODATA , 0 , (41.9352 , -73.4385))
	(GEODATA , 0 , (41.9364 , -73.4427))
	(GEODATA , 0 , (41.938 , -73.4463))
	(GEODATA , 0 , (41.9398 , -73.449))
	(GEODATA , 0 , (41.9419 , -73.4508))
	(GEODATA , 0 , (41.944 , -73.4516))
	(GEODATA , 0 , (41.946 , -73.4513))
	(GEODATA , 0 , (41.948 , -73.4498))
	(GEODATA , 0 , (41.9497 , -73.4473))
	(GEODATA , 0 , (41.9509 , -73.4439))
	(GEODATA , 0 , (41.9518 , -73.4398))
	(GEODATA , 0 , (41.9522 , -73.4351))
	(GEODATA , 0 , (41.9521 , -73.4305))
	(GEODATA , 0 , (41.9516 , -73.4257))
	(GEODATA , 0 , (41.9505 , -73.4212))
	(GEODATA , 0 , (41.949 , -73.4174))
	(GEODATA , 0 , (41.9473 , -73.4145))
	(GEODATA , 0 , (41.9453 , -73.4125))
	(GEODATA , 0 , (41.9431 , -73.4116))
	(GEODATA , 0 , (41.941 , -73.4117))
	(HOPDATA , 0 , dtn://v003)
	(GEODATA , 0 , (41.9346 , -73.3845))
	(GEODATA , 0 , (41.9346 , -73.3845))
	(GEODATA , 0 , (41.9346 , -73.3845))
	(GEODATA , 0 , (41.9429 , -73.3716))
	(GEODATA , 0 , (41.9408 , -73.3721))
	(GEODATA , 0 , (41.9389 , -73.3737))
	(GEODATA , 0 , (41.9371 , -73.3762))
	(GEODATA , 0 , (41.9358 , -73.3795))
	(GEODATA , 0 , (41.9348 , -73.3835))
	(GEODATA , 0 , (41.9343 , -73.3878))
	(GEODATA , 0 , (41.9343 , -73.3925))
	(GEODATA , 0 , (41.9348 , -73.3971))
	(GEODATA , 0 , (41.9357 , -73.4013))
	(GEODATA , 0 , (41.9371 , -73.4052))
	(GEODATA , 0 , (41.9389 , -73.4082))
	(GEODATA , 0 , (41.9408 , -73.4103))
	(GEODATA , 0 , (41.9429 , -73.4115))
	(GEODATA , 0 , (41.945 , -73.4115))
	(GEODATA , 0 , (41.947 , -73.4105))
	(GEODATA , 0 , (41.9488 , -73.4083))
	(GEODATA , 0 , (41.9504 , -73.4052))
	(GEODATA , 0 , (41.9515 , -73.4012))
	(GEODATA , 0 , (41.9521 , -73.3969))
	(GEODATA , 0 , (41.9522 , -73.3921))
	(GEODATA , 0 , (41.9519 , -73.3875))
	(GEODATA , 0 , (41.9511 , -73.3829))
	(GEODATA , 0 , (41.9498 , -73.3788))
	(GEODATA , 0 , (41.9482 , -73.3755))
	(GEODATA , 0 , (41.9462 , -73.3732))
	(GEODATA , 0 , (41.9442 , -73.3719))
	(GEODATA , 0 , (41.9421 , -73.3717))
	(GEODATA , 0 , (41.94 , -73.3726))
	(GEODATA , 0 , (41.9381 , -73.3746))
	(GEODATA , 0 , (41.9366 , -73.3774))
	(GEODATA , 0 , (41.9353 , -73.3811))
	(GEODATA , 0 , (41.9345 , -73.3853))
	(GEODATA , 0 , (41.9343 , -73.3898))
	(GEODATA , 0 , (41.9345 , -73.3944))
	(GEODATA , 0 , (41.9352 , -73.399))
	(GEODATA , 0 , (41.9363 , -73.4031))
	(GEODATA , 0 , (41.9378 , -73.4065))
	(GEODATA , 0 , (41.9397 , -73.4092))
	(GEODATA , 0 , (41.9417 , -73.411))
	(GEODATA , 0 , (41.9438 , -73.4116))
	(GEODATA , 0 , (41.9459 , -73.4112))
	(GEODATA , 0 , (41.9479 , -73.4096))
	(GEODATA , 0 , (41.9495 , -73.4071))
	(GEODATA , 0 , (41.9509 , -73.4037))
	(GEODATA , 0 , (41.9518 , -73.3994))
	(GEODATA , 0 , (41.9522 , -73.3948))
	(GEODATA , 0 , (41.9522 , -73.3901))
	(GEODATA , 0 , (41.9516 , -73.3854))
	(GEODATA , 0 , (41.9506 , -73.381))
	(GEODATA , 0 , (41.9492 , -73.3773))
	(GEODATA , 0 , (41.9474 , -73.3744))
	(GEODATA , 0 , (41.9454 , -73.3725))
	(GEODATA , 0 , (41.9433 , -73.3717))
	(GEODATA , 0 , (41.9412 , -73.3719))
	(GEODATA , 0 , (41.9392 , -73.3733))
	(GEODATA , 0 , (41.9374 , -73.3757))
	(GEODATA , 0 , (41.936 , -73.3789))
	(GEODATA , 0 , (41.9349 , -73.3828))
	(GEODATA , 0 , (41.9344 , -73.3872))
	(GEODATA , 0 , (41.9343 , -73.3917))
	(GEODATA , 0 , (41.9347 , -73.3964))
	(GEODATA , 0 , (41.9356 , -73.4006))
	(GEODATA , 0 , (41.9369 , -73.4045))
	(GEODATA , 0 , (41.9386 , -73.4077))
	(GEODATA , 0 , (41.9404 , -73.41))
	(GEODATA , 0 , (41.9425 , -73.4114))
	(GEODATA , 0 , (41.9447 , -73.4116))
	(GEODATA , 0 , (41.9467 , -73.4107))
	(GEODATA , 0 , (41.9486 , -73.4088))
	(GEODATA , 0 , (41.9501 , -73.4058))
	(GEODATA , 0 , (41.9513 , -73.402))
	(GEODATA , 0 , (41.952 , -73.3977))
	(GEODATA , 0 , (41.9523 , -73.3929))
	(GEODATA , 0 , (41.952 , -73.3881))
	(GEODATA , 0 , (41.9513 , -73.3836))
	(GEODATA , 0 , (41.9501 , -73.3795))
	(GEODATA , 0 , (41.9485 , -73.376))
	(GEODATA , 0 , (41.9466 , -73.3735))
	(GEODATA , 0 , (41.9446 , -73.372))
	(GEODATA , 0 , (41.9424 , -73.3716))
	(GEODATA , 0 , (41.9404 , -73.3723))
	(GEODATA , 0 , (41.9385 , -73.3741))
	(GEODATA , 0 , (41.9368 , -73.3769))
	(GEODATA , 0 , (41.9355 , -73.3803))
	(GEODATA , 0 , (41.9347 , -73.3845))
	(GEODATA , 0 , (41.9343 , -73.389))
	(GEODATA , 0 , (41.9344 , -73.3935))
	(GEODATA , 0 , (41.935 , -73.3981))
	(GEODATA , 0 , (41.9361 , -73.4023))
	(GEODATA , 0 , (41.9375 , -73.4059))
	(GEODATA , 0 , (41.9393 , -73.4088))
	(GEODATA , 0 , (41.9413 , -73.4107))
	(GEODATA , 0 , (41.9434 , -73.4116))
	(GEODATA , 0 , (41.9455 , -73.4114))
	(GEODATA , 0 , (41.9475 , -73.41))
	(GEODATA , 0 , (41.9492 , -73.4077))
	(GEODATA , 0 , (41.9506 , -73.4044))
	(GEODATA , 0 , (41.9516 , -73.4004))
	(GEODATA , 0 , (41.9522 , -73.3958))
	(GEODATA , 0 , (41.9522 , -73.3911))
	(GEODATA , 0 , (41.9518 , -73.3863))
	(GEODATA , 0 , (41.9508 , -73.3818))
	(GEODATA , 0 , (41.9494 , -73.3779))
	(GEODATA , 0 , (41.9478 , -73.3749))
	(GEODATA , 0 , (41.9458 , -73.3728))
	(GEODATA , 0 , (41.9437 , -73.3718))
	(GEODATA , 0 , (41.9416 , -73.3718))
	(GEODATA , 0 , (41.9396 , -73.373))
	(GEODATA , 0 , (41.9377 , -73.3752))
	(GEODATA , 0 , (41.9362 , -73.3783))
	(GEODATA , 0 , (41.9351 , -73.382))
	(GEODATA , 0 , (41.9344 , -73.3863))
	(GEODATA , 0 , (41.9343 , -73.3909))
	(GEODATA , 0 , (41.9346 , -73.3954))
	(GEODATA , 0 , (41.9354 , -73.3999))
	(GEODATA , 0 , (41.9366 , -73.4038))
	(GEODATA , 0 , (41.9382 , -73.4072))
	(GEODATA , 0 , (41.9401 , -73.4097))
	(GEODATA , 0 , (41.9422 , -73.4112))
	(GEODATA , 0 , (41.9443 , -73.4116))
	(GEODATA , 0 , (41.9463 , -73.4109))
	(GEODATA , 0 , (41.9483 , -73.4092))
	(GEODATA , 0 , (41.9499 , -73.4063))
	(GEODATA , 0 , (41.9511 , -73.4028))
	(GEODATA , 0 , (41.9519 , -73.3985))
	(GEODATA , 0 , (41.9523 , -73.3938))
	(GEODATA , 0 , (41.9521 , -73.3891))
	(GEODATA , 0 , (41.9514 , -73.3844))
	(GEODATA , 0 , (41.9503 , -73.3801))
	(GEODATA , 0 , (41.9488 , -73.3766))
	(GEODATA , 0 , (41.947 , -73.3739))
	(GEODATA , 0 , (41.9449 , -73.3722))
	(GEODATA , 0 , (41.9428 , -73.3716))
	(GEODATA , 0 , (41.9408 , -73.3722))
	(GEODATA , 0 , (41.9388 , -73.3737))
	(GEODATA , 0 , (41.9371 , -73.3763))
	(GEODATA , 0 , (41.9357 , -73.3798))
	(GEODATA , 0 , (41.9348 , -73.3837))
	(GEODATA , 0 , (41.9343 , -73.3882))
	(GEODATA , 0 , (41.9343 , -73.3927))
	(GEODATA , 0 , (41.9348 , -73.3973))
	(GEODATA , 0 , (41.9358 , -73.4016))
	(GEODATA , 0 , (41.9373 , -73.4054))
	(GEODATA , 0 , (41.939 , -73.4083))
	(GEODATA , 0 , (41.9409 , -73.4105))
	(GEODATA , 0 , (41.9431 , -73.4115))
	(GEODATA , 0 , (41.9451 , -73.4115))
	(GEODATA , 0 , (41.9472 , -73.4103))
	(GEODATA , 0 , (41.949 , -73.4081))
	(GEODATA , 0 , (41.9504 , -73.405))
	(GEODATA , 0 , (41.9515 , -73.4011))
	(GEODATA , 0 , (41.9521 , -73.3966))
	(GEODATA , 0 , (41.9522 , -73.3919))
	(GEODATA , 0 , (41.9519 , -73.3874))
	(GEODATA , 0 , (41.9519 , -73.3874))
	(GEODATA , 0 , (41.9519 , -73.3874))
	(GEODATA , 0 , (41.9519 , -73.3874))
	(GEODATA , 0 , (41.9519 , -73.3874))
	(GEODATA , 0 , (41.9519 , -73.3874))
	(GEODATA , 0 , (41.9519 , -73.3874))
	(GEODATA , 0 , (41.9519 , -73.3874))
	(GEODATA , 0 , (41.9519 , -73.3874))
	(GEODATA , 0 , (41.9519 , -73.3874))
	(GEODATA , 0 , (41.943 , -73.3716))
	(GEODATA , 0 , (41.941 , -73.372))
	(GEODATA , 0 , (41.9391 , -73.3735))
	(GEODATA , 0 , (41.9373 , -73.3759))
	(GEODATA , 0 , (41.9359 , -73.3792))
	(GEODATA , 0 , (41.9349 , -73.3831))
	(GEODATA , 0 , (41.9343 , -73.3875))
	(GEODATA , 0 , (41.9343 , -73.392))
	(GEODATA , 0 , (41.9347 , -73.3967))
	(GEODATA , 0 , (41.9357 , -73.4011))
	(GEODATA , 0 , (41.937 , -73.4048))
	(GEODATA , 0 , (41.9387 , -73.408))
	(GEODATA , 0 , (41.9407 , -73.4102))
	(GEODATA , 0 , (41.9428 , -73.4114))
	(GEODATA , 0 , (41.9448 , -73.4116))
	(GEODATA , 0 , (41.9469 , -73.4106))
	(GEODATA , 0 , (41.9487 , -73.4085))
	(GEODATA , 0 , (41.9502 , -73.4055))
	(GEODATA , 0 , (41.9514 , -73.4017))
	(GEODATA , 0 , (41.9521 , -73.3972))
	(GEODATA , 0 , (41.9523 , -73.3925))
	(GEODATA , 0 , (41.952 , -73.3878))
	(GEODATA , 0 , (41.9512 , -73.3832))
	(GEODATA , 0 , (41.9499 , -73.3791))
	(GEODATA , 0 , (41.9483 , -73.3758))
	(GEODATA , 0 , (41.9464 , -73.3734))
	(GEODATA , 0 , (41.9444 , -73.3719))
	(GEODATA , 0 , (41.9422 , -73.3717))
	(GEODATA , 0 , (41.9402 , -73.3725))
	(GEODATA , 0 , (41.9383 , -73.3744))
	(GEODATA , 0 , (41.9366 , -73.3772))
	(GEODATA , 0 , (41.9354 , -73.3808))
	(GEODATA , 0 , (41.9346 , -73.3849))
	(GEODATA , 0 , (41.9343 , -73.3895))
	(GEODATA , 0 , (41.9344 , -73.394))
	(GEODATA , 0 , (41.9351 , -73.3985))
	(GEODATA , 0 , (41.9362 , -73.4027))
	(GEODATA , 0 , (41.9377 , -73.4063))
	(GEODATA , 0 , (41.9395 , -73.409))
	(GEODATA , 0 , (41.9415 , -73.4109))
	(GEODATA , 0 , (41.9437 , -73.4116))
	(GEODATA , 0 , (41.9457 , -73.4113))
	(GEODATA , 0 , (41.9477 , -73.4099))
	(GEODATA , 0 , (41.9494 , -73.4073))
	(GEODATA , 0 , (41.9507 , -73.404))
	(GEODATA , 0 , (41.9517 , -73.3999))
	(GEODATA , 0 , (41.9522 , -73.3953))
	(GEODATA , 0 , (41.9522 , -73.3904))
	(GEODATA , 0 , (41.9517 , -73.3858))
	(GEODATA , 0 , (41.9507 , -73.3814))
	(GEODATA , 0 , (41.9493 , -73.3776))
	(GEODATA , 0 , (41.9476 , -73.3747))
	(GEODATA , 0 , (41.9456 , -73.3727))
	(GEODATA , 0 , (41.9435 , -73.3717))
	(GEODATA , 0 , (41.9413 , -73.3719))
	(GEODATA , 0 , (41.9394 , -73.3731))
	(GEODATA , 0 , (41.9376 , -73.3754))
	(GEODATA , 0 , (41.9361 , -73.3786))
	(GEODATA , 0 , (41.935 , -73.3824))
	(GEODATA , 0 , (41.9344 , -73.3867))
	(GEODATA , 0 , (41.9343 , -73.3914))
	(GEODATA , 0 , (41.9346 , -73.3959))
	(GEODATA , 0 , (41.9355 , -73.4003))
	(GEODATA , 0 , (41.9368 , -73.4043))
	(GEODATA , 0 , (41.9384 , -73.4075))
	(GEODATA , 0 , (41.9403 , -73.4099))
	(GEODATA , 0 , (41.9424 , -73.4113))
	(GEODATA , 0 , (41.9445 , -73.4116))
	(GEODATA , 0 , (41.9465 , -73.4108))
	(GEODATA , 0 , (41.9484 , -73.4089))
	(GEODATA , 0 , (41.95 , -73.4061))
	(GEODATA , 0 , (41.9512 , -73.4024))
	(GEODATA , 0 , (41.952 , -73.398))
	(GEODATA , 0 , (41.9523 , -73.3933))
	(GEODATA , 0 , (41.952 , -73.3886))
	(GEODATA , 0 , (41.9513 , -73.3839))
	(GEODATA , 0 , (41.9501 , -73.3797))
	(GEODATA , 0 , (41.9486 , -73.3762))
	(GEODATA , 0 , (41.9468 , -73.3737))
	(GEODATA , 0 , (41.9447 , -73.3721))
	(GEODATA , 0 , (41.9426 , -73.3716))
	(GEODATA , 0 , (41.9405 , -73.3723))
	(GEODATA , 0 , (41.9386 , -73.374))
	(GEODATA , 0 , (41.9369 , -73.3766))
	(GEODATA , 0 , (41.9356 , -73.3802))
	(GEODATA , 0 , (41.9347 , -73.3842))
	(GEODATA , 0 , (41.9343 , -73.3887))
	(GEODATA , 0 , (41.9344 , -73.3933))
	(GEODATA , 0 , (41.9349 , -73.3978))
	(GEODATA , 0 , (41.936 , -73.402))
	(GEODATA , 0 , (41.9374 , -73.4058))
	(GEODATA , 0 , (41.9392 , -73.4086))
	(GEODATA , 0 , (41.9412 , -73.4106))
	(GEODATA , 0 , (41.9433 , -73.4116))
	(GEODATA , 0 , (41.9454 , -73.4114))
	(GEODATA , 0 , (41.9474 , -73.4102))
	(GEODATA , 0 , (41.9491 , -73.4078))
	(GEODATA , 0 , (41.9506 , -73.4045))
	(GEODATA , 0 , (41.9516 , -73.4006))
	(GEODATA , 0 , (41.9522 , -73.3961))
	(GEODATA , 0 , (41.9522 , -73.3913))
	(GEODATA , 0 , (41.9518 , -73.3866))
	(GEODATA , 0 , (41.9509 , -73.3821))
	(GEODATA , 0 , (41.9495 , -73.3782))
	(GEODATA , 0 , (41.9478 , -73.375))
	(GEODATA , 0 , (41.9459 , -73.3729))
	(GEODATA , 0 , (41.9438 , -73.3718))
	(GEODATA , 0 , (41.9417 , -73.3718))
received GeoRoutingBlock with number of entries: 3
de-serializing GeoRoutingEntry

